Date,Adj Close,Close,High,Low,Open,Volume,Return,Log Return,Rolling Mean,Rolling Std,Volatility
2015-01-09,7.952426910400391,10.489999771118164,10.579999923706056,10.258000373840332,10.446999549865724,23432000,0.01069445637134625,0.010637675143639579,0.009790652357896269,0.03014585417082431,0.4785505991737223
2015-01-12,7.820516109466553,10.315999984741213,10.564000129699709,10.272000312805176,10.506999969482422,18692000,-0.016587489884543505,-0.01672660279636153,0.009670254062469108,0.03027546059060629,0.48060803730408563
2015-01-13,7.776546478271484,10.258000373840332,10.73799991607666,10.17300033569336,10.378000259399414,24337000,-0.005622343919456152,-0.005638208788140779,0.013094524156884568,0.02641488891777669,0.4193233619149992
2015-01-14,7.837950229644775,10.33899974822998,10.348999977111816,10.00100040435791,10.111000061035156,20984000,0.007896018051825493,0.00786500763354155,0.00927107836307448,0.02525463005580683,0.40090482348361284
2015-01-15,7.681030750274658,10.131999969482422,10.553999900817873,10.104999542236328,10.355999946594238,18372000,-0.02002047407453733,-0.020223599448551694,-0.004727966691073049,0.013897167939742269,0.22061070177994743
2015-01-16,7.870553493499756,10.381999969482422,10.390999794006348,10.031000137329102,10.069000244140623,15375000,0.024674128953112273,0.024374639069575953,-0.0019320321747198443,0.018439569904396526,0.2927190975001457
2015-01-20,7.950154304504394,10.487000465393066,10.52400016784668,10.258000373840332,10.369000434875488,12840000,0.010113750077472838,0.010062948350661674,0.0034082158176834245,0.01693958484820008,0.2689075729260914
2015-01-21,7.988816261291504,10.538000106811523,10.687999725341797,10.41100025177002,10.43299961090088,16451000,0.004863044829860108,0.004851258423786769,0.005505293567546676,0.016173859945613215,0.2567520669364874
2015-01-22,7.975170612335205,10.520000457763672,10.64900016784668,10.152000427246094,10.597999572753906,20639000,-0.0017080939791314087,-0.0017095544349529832,0.003584471161355296,0.016387835312507353,0.26014882058146155
2015-01-23,8.110109329223633,10.697999954223633,10.75,10.425000190734863,10.503000259399414,15088000,0.01691985331068868,0.01677830699018283,0.010972536638400499,0.010270905570264796,0.16304557127009214
2015-01-26,8.091157913208008,10.67300033569336,10.706000328063965,10.461999893188477,10.673999786376951,9611000,-0.002336764554743631,-0.0023394990497804056,0.005570357936829318,0.008146351907539628,0.129319327438599
2015-01-27,7.944089889526367,10.479000091552734,10.597999572753906,10.281999588012695,10.506999969482422,15242000,-0.01817638776293895,-0.01834360770130055,-8.766963125304006e-05,0.012734317188072941,0.20215101837513802
2015-01-28,7.960004806518555,10.5,10.833999633789062,10.486000061035156,10.711999893188477,23302000,0.0020033656735392036,0.0020013616126597247,-0.000659605462517221,0.01251877229384728,0.1987293492561931
2015-01-29,8.075992584228516,10.652999877929688,10.65999984741211,10.22700023651123,10.463000297546388,15842000,0.014571320059376891,0.014466178511991973,0.002596277345184439,0.014184115576740859,0.22516585430072286
2015-01-30,7.799291610717773,10.288000106811523,10.67300033569336,10.26200008392334,10.529000282287598,16938000,-0.034262162901326554,-0.03486287176959937,-0.007640125897218608,0.01893552594356718,0.30059215554534263
2015-02-02,7.764418125152588,10.241999626159668,10.348999977111816,9.916000366210938,10.324999809265137,21581000,-0.004471365773432878,-0.004481392228501443,-0.008067046140956458,0.018809709366167077,0.29859487929768275
2015-02-03,7.823550701141357,10.31999969482422,10.371999740600586,10.13599967956543,10.25,15390000,0.007615841269188239,0.007586987156364761,-0.0029086003345310195,0.018880724427037223,0.29972220844009784
2015-02-04,7.944846153259277,10.479999542236328,10.527999877929688,10.244999885559082,10.29300022125244,16658000,0.015503887780803138,0.01538493047095726,-0.00020849591307823268,0.020641986996520104,0.3276813849541278
2015-02-05,8.050978660583496,10.619999885559082,10.621999740600586,10.375,10.473999977111816,16585000,0.013358661108960446,0.013270220953084435,-0.00045102770316152174,0.020430964183030063,0.3243315016413929
2015-02-06,7.940298080444336,10.473999977111816,10.711000442504885,10.425999641418455,10.626999855041504,10682000,-0.013747469072429297,-0.013842840612346327,0.00365191106261793,0.012441152950110083,0.19749718037345312
2015-02-09,7.750773429870605,10.223999977111816,10.4350004196167,10.182000160217283,10.395000457763672,20346000,-0.023868707276934575,-0.024158180383565233,-0.0002275572380824098,0.017573236630368003,0.2789664831266666
2015-02-10,8.114660263061523,10.70400047302246,10.746000289916992,10.288999557495115,10.303999900817873,20398000,0.04694845443275897,0.045879698998122755,0.007638965394631736,0.027793528329613525,0.441208584103115
2015-02-11,8.182886123657227,10.793999671936035,10.829999923706056,10.633000373840332,10.678999900817873,17169000,0.008407728528854408,0.008372580452252715,0.00621973354424199,0.02747081981588079,0.43608574526331445
2015-02-12,8.316313743591309,10.970000267028809,11.003999710083008,10.845999717712402,10.880000114440918,21072000,0.0163056918937603,0.016174181749816843,0.006809139701201961,0.027693000182315766,0.43961274923804333
2015-02-13,8.35042953491211,11.015000343322754,11.020000457763672,10.809000015258787,11.0,14614000,0.004102273239401377,0.00409388185786777,0.010379088163568095,0.025439336361435902,0.4038369451852929
2015-02-17,8.405011177062988,11.086999893188477,11.135000228881836,10.909000396728516,11.020000457763672,15312000,0.0065363873705752695,0.0065151178243321685,0.016460107093070064,0.017646531095276526,0.28012999668641964
2015-02-18,8.339055061340332,11.0,11.059000015258787,10.928999900817873,11.031999588012695,16681000,-0.00784723712237867,-0.007878188716940081,0.005500968782042537,0.008752061692651086,0.13893467218709876
2015-02-19,8.407288551330566,11.09000015258789,11.109999656677246,10.96500015258789,11.0,13196000,0.008182400702276604,0.008149106356798854,0.0054559032167269764,0.00873391386892441,0.1386465844165918
2015-02-20,8.495223045349121,11.206000328063965,11.215999603271484,11.04599952697754,11.142999649047852,19283000,0.010459316756130432,0.01040499654253262,0.004286628189201003,0.007169470310615467,0.11381181284369718
2015-02-23,8.5551118850708,11.28499984741211,11.322999954223633,11.196000099182127,11.300000190734863,23854000,0.007049707747752043,0.007024974730417513,0.004876115090871136,0.007270975966167649,0.11542316517124313
2015-02-24,8.580130577087402,11.317999839782717,11.359999656677246,11.16100025177002,11.350000381469728,23213000,0.0029244143563171843,0.002920146575135944,0.0041537204880195185,0.007244165374729326,0.11499756022655296
2015-02-25,8.54222583770752,11.267999649047852,11.390000343322754,11.230999946594238,11.32900047302246,38216000,-0.004417734560019926,-0.0044275215842948315,0.004839621000491267,0.005852484267698862,0.09290530754549493
2015-02-26,9.798391342163086,12.925000190734863,12.98900032043457,12.30500030517578,12.324000358581545,89263000,0.14705365186091646,0.13719661286924828,0.03261387123221924,0.06421374036406995,1.0193615265395957
2015-02-27,9.674819946289062,12.76200008392334,12.869999885559082,12.61400032043457,12.869999885559082,33825000,-0.01261139625463703,-0.01269159490378278,0.027999728630065744,0.06697325358237312,1.06316744083095
2015-03-02,9.780954360961914,12.902000427246094,13.086999893188477,12.720999717712402,12.720999717712402,27893000,0.01097016949794094,0.010910433666270892,0.028783820980103524,0.06668900825254795,1.0586551861066562
2015-03-03,9.720307350158691,12.821999549865724,12.894000053405762,12.756999969482422,12.824000358581545,18682000,-0.00620052078407396,-0.006219823847133205,0.026958833952025297,0.0676909108675397,1.074559897049697
2015-03-04,9.809762954711914,12.9399995803833,12.98799991607666,12.437000274658203,12.769000053405762,36143000,0.009202960496075496,0.009160871288266604,0.029682972963244382,0.06637378055403206,1.0536511015268626
2015-03-05,9.89845848083496,13.057000160217283,13.154000282287598,12.878000259399414,12.935999870300291,21688000,0.009041556511866888,0.009000926362671581,0.0020805538934344668,0.010754523418438197,0.17072276660524624
2015-03-06,9.695289611816406,12.788999557495115,13.048999786376951,12.75,13.0,22329000,-0.020525303956360652,-0.02073887547524627,0.0004977723530897426,0.01364994980558892,0.21668623556461644
2015-03-09,9.636917114257812,12.711999893188477,12.859000205993652,12.692999839782717,12.779000282287598,17835000,-0.006020706951079702,-0.006038904485287067,-0.0029004029367143856,0.012453573912321403,0.19769435703578483
2015-03-10,9.485296249389648,12.51200008392334,12.692999839782717,12.451000213623049,12.571999549865724,17688000,-0.015733337027859395,-0.01585841968804036,-0.004806966185471473,0.013747586290257133,0.2182361667085284
2015-03-11,9.45042324066162,12.465999603271484,12.647000312805176,12.45199966430664,12.529999732971191,17742000,-0.003676533427226736,-0.0036833084871680456,-0.0073828649701319195,0.011487036988348855,0.1823510590330286
2015-03-12,9.56110954284668,12.612000465393066,12.621000289916992,12.154999732971191,12.288000106811523,22305000,0.011712311646405293,0.011644253421655908,-0.0068487139432242385,0.012462399823944943,0.19783446403928073
2015-03-13,9.47619915008545,12.5,12.675000190734863,12.394000053405762,12.571000099182127,18414000,-0.008880809531646605,-0.008920478959681906,-0.004519815058281429,0.01013912083835521,0.16095355350672363
2015-03-16,9.845394134521484,12.987000465393066,13.045000076293944,12.670000076293944,12.687000274658203,23077000,0.03896023907778523,0.038220442932269685,0.004476374147491557,0.021764721544107586,0.34550424336167035
2015-03-17,9.787017822265623,12.90999984741211,12.960000038146973,12.75,12.880999565124512,19006000,-0.005929301707808032,-0.005946949812382272,0.00643718121150183,0.019845870213178234,0.3150434228144041
2015-03-18,9.91779613494873,13.043999671936035,13.128000259399414,12.769000053405762,12.866000175476074,21250000,0.01336242715177094,0.013273937342904734,0.009844973327301365,0.019124858366078912,0.3035977145758673
2015-03-19,10.039447784423828,13.20400047302246,13.295000076293944,13.001999855041504,13.050000190734863,24461000,0.012265996176954674,0.012191378400437675,0.009955710233411241,0.01913997071588009,0.30383761569166573
2015-03-20,10.134493827819824,13.32900047302246,13.41800022125244,13.220000267028809,13.343000411987305,55522000,0.009467258103922793,0.009422724469556188,0.01362532376052512,0.016151220599775817,0.25639267846290176
2015-03-23,10.221932411193848,13.444000244140623,13.628000259399414,13.388999938964844,13.5,23849000,0.008627819490500732,0.00859081256297177,0.0075588398430682215,0.007787067590608897,0.12361586572321244
2015-03-24,10.121564865112305,13.312000274658203,13.536999702453612,13.288000106811523,13.496999740600586,25819000,-0.009818842665368477,-0.00986736538691972,0.006780931651556132,0.009481322003527384,0.15051132072874876
2015-03-25,9.460835456848145,12.442999839782717,13.333000183105469,12.4399995803833,13.26200008392334,48853000,-0.06527937300897091,-0.06750758900347,-0.008947428380592237,0.032680448076726654,0.5187860300710669
2015-03-26,9.482123374938965,12.470999717712402,12.513999938964844,11.696000099182127,12.026000022888184,45058000,0.0022501097485434496,0.002247582042636871,-0.010950605666274482,0.03133432075411821,0.49741692129916004
2015-03-27,9.748241424560549,12.821000099182127,12.899999618530272,12.484999656677246,12.49899959564209,24297000,0.028065238037814133,0.02767862614567962,-0.0072310096794962146,0.03522615702843238,0.5591979068504528
2015-03-30,9.926158905029297,13.05500030517578,13.09000015258789,12.829999923706056,12.982999801635742,19523000,0.018251238630640376,0.018086683976423722,-0.005306325851468285,0.03654739742127357,0.580171947859999
2015-03-31,9.6547212600708,12.697999954223633,12.949999809265137,12.67300033569336,12.930999755859377,16402000,-0.0273456880506886,-0.02772654055088125,-0.00881169492853231,0.037903765147391896,0.6017036179979787
2015-04-01,9.55207633972168,12.562999725341797,12.696000099182127,12.361000061035156,12.666000366210938,21830000,-0.010631577814020576,-0.01068849682280418,0.0021178641104577568,0.022159753221671727,0.35177517683463455
2015-04-02,9.505695343017578,12.501999855041504,12.690999984741213,12.463000297546388,12.611000061035156,14508000,-0.004855593177289563,-0.0048674198691084,0.0006967235252911541,0.022375947277170006,0.3552071510693082
2015-04-06,9.56728458404541,12.583000183105469,12.67300033569336,12.25,12.336999893188477,14227000,0.00647919366288896,0.006458293914730499,-0.0036204853496938803,0.017276732750447554,0.274259629952455
2015-04-07,9.553597450256348,12.5649995803833,12.717000007629396,12.539999961853027,12.651000022888184,16132000,-0.0014306184444317083,-0.0014316427560477666,-0.007556856764708297,0.0126776386378504,0.20125127428377484
2015-04-08,9.640274047851562,12.678999900817873,12.746999740600586,12.529999732971191,12.54699993133545,13607000,0.009072665877594588,0.00903175649645195,-0.00027318597905165996,0.008102067094334647,0.12861632782301502
2015-04-09,9.672969818115234,12.722000122070312,12.793999671936035,12.5649995803833,12.583999633789062,13961000,0.0033915809966997834,0.003385842557132415,0.002531445783092412,0.0056872313953731475,0.09028199952381724
2015-04-10,9.642559051513672,12.682000160217283,12.79699993133545,12.607000350952148,12.755999565124512,11669000,-0.0031438913977184235,-0.0031488438068938236,0.00287378613900664,0.005158331287716195,0.08188597060428372
2015-04-13,9.530787467956545,12.53499984741211,12.746999740600586,12.510000228881836,12.725000381469728,10483000,-0.011591485513337996,-0.011659190490923082,-0.0007403496962387513,0.007703388184431588,0.12228749633159611
2015-04-14,9.426621437072754,12.39799976348877,12.534000396728516,12.21399974822998,12.505999565124512,16047000,-0.010929425426178807,-0.010989590376758791,-0.002640111092588171,0.008981426453389585,0.14257572488571416
2015-04-15,9.57260513305664,12.59000015258789,12.630000114440918,12.46500015258789,12.47700023651123,16893000,0.015486322110036754,0.015367632828968365,-0.0013573798460997377,0.011245171448148043,0.17851156261250273
2015-04-16,9.529266357421877,12.532999992370604,12.616000175476074,12.479999542236328,12.506999969482422,15456000,-0.004527375258079336,-0.004537654859586117,-0.0029411710970555617,0.01096323163790544,0.17403590687695872
2015-04-17,9.26467227935791,12.1850004196167,12.428000450134276,12.093999862670898,12.369000434875488,26817000,-0.02776646891162693,-0.028159245057734934,-0.007865686599837263,0.015618657458002415,0.24793850067947182
2015-04-20,9.354392051696776,12.303000450134276,12.381999969482422,12.220000267028809,12.25,13295000,0.009684074043154745,0.009637483944602294,-0.003610574688538715,0.017170850862404517,0.27257880708780785
2015-04-21,9.35971450805664,12.3100004196167,12.505000114440918,12.293999671936035,12.432000160217283,20616000,0.0005689793981746849,0.0005688175907707215,-0.0013108937236680162,0.016709375443884164,0.26525311192636203
2015-04-22,9.724674224853516,12.789999961853027,12.800000190734863,12.274999618530272,12.390999794006348,22580000,0.03899261205913129,0.03825160146537208,0.0033903642661508916,0.024230816618949366,0.3846522890265058
2015-04-23,9.433464050292969,12.406999588012695,12.54599952697754,12.255000114440918,12.522000312805176,28053000,-0.02994549409339553,-0.03040301740710726,-0.0016932595009123475,0.028582785887897384,0.4537376594206979
2015-04-24,9.085993766784668,11.949999809265137,12.373000144958496,11.586999893188477,12.373000144958496,55059000,-0.03683379526924779,-0.03752929149375538,-0.0035067247724365203,0.030848437238007332,0.4897037596005098
2015-04-27,9.13541316986084,12.015000343322754,12.194000244140623,11.871999740600586,12.0,27320000,0.005439075168291785,0.005424336816796812,-0.004355724547409112,0.030450494578108753,0.48338661571557867
2015-04-28,8.930124282836914,11.744999885559082,12.100000381469728,11.456000328063965,12.038000106811523,31023000,-0.022471768184629703,-0.022728105887130378,-0.00896387406396999,0.03125177434356669,0.4961065376555179
2015-04-29,8.898188591003418,11.70300006866455,11.751999855041504,11.475000381469728,11.60200023651123,20903000,-0.003576175518057889,-0.003582585320006619,-0.017477631579407828,0.017842897730419933,0.28324722038069966
2015-04-30,8.886783599853516,11.687999725341797,11.894000053405762,11.62600040435791,11.668999671936035,21339000,-0.0012817205471946647,-0.001282542653524014,-0.011744876870167653,0.017435692941398875,0.2767830447541542
2015-05-01,9.33690071105957,12.279999732971191,12.343000411987305,11.788000106811523,11.791999816894531,25334000,0.05065017125132587,0.04940918325312824,0.00575191643394708,0.027152407247793917,0.4310311024464627
2015-05-04,9.21220874786377,12.116000175476074,12.385000228881836,12.086000442504885,12.282999992370604,14207000,-0.01335474876027154,-0.013444725392293334,0.001993151648234415,0.028475156272684033,0.4520290922473373
2015-05-05,8.879941940307617,11.678999900817873,12.06700038909912,11.663000106811523,12.010000228881836,22090000,-0.03606809361904684,-0.036734623400749865,-0.000726113438649012,0.03184529861227189,0.5055284433279704
2015-05-06,8.879179954528809,11.678000450134276,11.836999893188477,11.538999557495115,11.784000396728516,14475000,-8.580977037131454e-05,-8.581345224028853e-05,-2.8040289111697093e-05,0.03180543498814182,0.5048956279131349
2015-05-07,9.312570571899414,12.248000144958496,12.36400032043457,12.0,12.0,23542000,0.04880975716113922,0.04765595659068757,0.009990255252555081,0.03849698136523496,0.6111206335145971
2015-05-08,9.377199172973633,12.333000183105469,12.493000030517578,12.27299976348877,12.31999969482422,14846000,0.006939931415847145,0.006915960930267873,0.001248207285459335,0.031233111396912046,0.49581027256203875
2015-05-11,9.337661743164062,12.281000137329102,12.38599967956543,12.260000228881836,12.357000350952148,12418000,-0.004216336784604313,-0.0042252505971254765,0.0030758896805927805,0.030421792320885634,0.4829309815075072
2015-05-12,9.348307609558104,12.295000076293944,12.357999801635742,12.130000114440918,12.20199966430664,10264000,0.0011400998115866923,0.0011394503913522258,0.010517528366719486,0.02177468549853578,0.345662416234621
2015-05-13,9.361993789672852,12.312999725341797,12.484000205993652,12.230999946594238,12.36299991607666,11857000,0.0014640275744408626,0.0014629569309118778,0.010827495835681922,0.021596309939592738,0.3428307920210084
2015-05-14,9.651680946350098,12.694000244140623,12.868000030517578,12.36400032043457,12.413999557495115,23279000,0.030942891352566226,0.030473811990051478,0.007254122673967323,0.013817872436349032,0.21935192468756232
2015-05-15,9.722393035888672,12.786999702453612,12.949999809265137,12.656999588012695,12.779000282287598,22627000,0.007326401476762001,0.007299693765738741,0.007331416686150294,0.013816756411382474,0.21933420834045161
2015-05-18,9.898027420043944,13.017999649047852,13.039999961853027,12.727999687194824,12.795000076293944,17984000,0.01806493355153882,0.01790370150821326,0.01178767075337892,0.012710013802566379,0.20176521409073425
2015-05-19,9.84404468536377,12.946999549865724,13.1850004196167,12.925000190734863,13.086000442504885,16053000,-0.005453888172794574,-0.0054688149181669745,0.010468873156502667,0.014329883593231778,0.22747984982517566
2015-05-20,9.816672325134276,12.91100025177002,13.107000350952148,12.810999870300291,12.994000434875488,18721000,-0.002780600972910219,-0.002784474025070003,0.009619947447032451,0.015101657207327437,0.23973137613320755
2015-05-21,9.853167533874512,12.958999633789062,13.003000259399414,12.784000396728516,12.951000213623049,21309000,0.0037176761667796487,0.00371078268860286,0.004174904409875136,0.009275863877763342,0.14724977409509424
2015-05-22,10.085071563720703,13.263999938964844,13.383000373840332,12.982000350952148,12.982000350952148,22856000,0.023535987696232885,0.02326328690431588,0.007416821653769312,0.012811479987618253,0.20337593984351257
2015-05-26,9.983187675476074,13.130000114440918,13.45300006866455,13.064000129699709,13.435999870300291,26781000,-0.010102445738822352,-0.010153821752247357,0.0017833457956970777,0.013147226605456218,0.20870575216949433
2015-05-27,10.757964134216309,14.14900016784668,14.482000350952148,13.161999702453612,13.208999633789062,114248000,0.07760812316926491,0.07474388429019387,0.018395748064108975,0.035385583336507306,0.5617287210320973
2015-05-28,10.825638771057127,14.23799991607666,14.54699993133545,13.600000381469728,14.50100040435791,249123000,0.006290654625402237,0.006270951046693702,0.020209999183771466,0.03424250292128114,0.543582881988676
2015-05-29,11.258267402648926,14.807000160217283,14.923999786376951,14.41100025177002,14.411999702453612,118244000,0.03996333525818829,0.039185457972390376,0.027459131002053196,0.03371069575162209,0.535140704890522
2015-06-01,11.148016929626465,14.661999702453612,15.050000190734863,14.515000343322754,14.824000358581545,83579000,-0.00979284547785042,-0.009841110750529573,0.020793364367236535,0.03773526370103249,0.5990287404622485
2015-06-02,10.96097469329834,14.416000366210938,14.666999816894531,14.314000129699709,14.640999794006348,41264000,-0.016778072504630814,-0.01692041880714535,0.01945823901407484,0.03919167479934235,0.6221485498990627
2015-06-03,10.877337455749512,14.305999755859377,14.600000381469728,14.281000137329102,14.600000381469728,30450000,-0.007630456222106341,-0.007659717097439961,0.0024105231358005907,0.0226009667565045,0.3587792245640941
2015-06-04,10.735918998718262,14.119999885559082,14.343999862670898,14.04800033569336,14.24899959564209,28017000,-0.013001201590606137,-0.013086456966424017,-0.001447848107401084,0.023405370584166127,0.3715487394540608
2015-06-05,10.934361457824709,14.380999565124512,14.404000282287598,13.930999755859377,14.097000122070312,38593000,0.01848397506819288,0.01831522270546433,-0.005743720145400167,0.013976447807463122,0.22186923066372827
2015-06-08,10.540513038635254,13.86299991607666,14.376999855041504,13.753000259399414,14.357000350952148,54422000,-0.036019334161265903,-0.036684040756605175,-0.010989017882083263,0.019646984626186876,0.3118862119991987
2015-06-09,10.660643577575684,14.020999908447266,14.072999954223633,13.651000022888184,13.895000457763672,44071000,0.011397029584812701,0.01133257272529468,-0.00535399746419456,0.021522492373233993,0.34165897448316895
2015-06-10,10.862133026123049,14.28600025177002,14.39799976348877,13.984000205993652,13.993000030517578,42617000,0.018900308136292177,0.018723916418600762,-4.784459251485629e-05,0.023954036695413242,0.3802585439530734
2015-06-11,10.795982360839844,14.199000358581545,14.326000213623049,14.10200023651123,14.218000411987305,31517000,-0.006090025331499382,-0.006108645171122522,0.0013343906593064948,0.023207483249624912,0.36840737540522783
2015-06-12,10.680413246154783,14.04699993133545,14.14799976348877,13.98799991607666,14.128999710083008,19145000,-0.010704826186476835,-0.010762535050057982,-0.0045033695916274485,0.021417203296951706,0.3399875622134811
2015-06-15,10.88190460205078,14.312000274658203,14.402000427246094,13.901000022888184,13.916000366210938,34565000,0.018865501853922995,0.018689755199287013,0.006473597611410331,0.014010402146735096,0.22240823908959922
2015-06-16,10.795982360839844,14.199000358581545,14.348999977111816,14.137999534606934,14.270000457763672,20998000,-0.007895882600803428,-0.007927220149228946,0.002615015174287105,0.01494125128884007,0.23718501111836474
2015-06-17,10.727359771728516,14.069000244140623,14.25,13.946000099182127,14.149999618530272,25429000,-0.006356308005859845,-0.006376595345671302,-0.002436308054143299,0.012048428333801129,0.1912628703625326
2015-06-18,10.903493881225586,14.300000190734863,14.375,14.072999954223633,14.072999954223633,25298000,0.016419148163676178,0.016285811487199785,0.002065526644891813,0.014330949918018709,0.2274967772063939
2015-06-19,10.895103454589844,14.288999557495115,14.390999794006348,14.15999984741211,14.300999641418455,26881000,-0.0007695172508134229,-0.0007698134811924131,0.004052588432024495,0.012715325319614884,0.2018495318099032
2015-06-22,10.924840927124023,14.32800006866455,14.513999938964844,14.199999809265137,14.416000366210938,22846000,0.002729434617865234,0.0027257164752800675,0.0008253749848129432,0.009707880699932728,0.15410782853703392
2015-06-23,10.799795150756836,14.163999557495115,14.395999908447266,14.086000442504885,14.395999908447266,21497000,-0.011446004312678393,-0.01151201400156274,0.00011535064243795023,0.010594544986582813,0.16818318773030558
2015-06-24,10.672459602355955,13.996999740600586,14.222000122070312,13.982999801635742,14.206000328063965,22402000,-0.011790552193201242,-0.01186061199404986,-0.0009714981950303292,0.011650530981300498,0.18494644571024657
2015-06-25,10.616039276123049,13.92300033569336,14.104999542236328,13.883000373840332,14.012999534606934,17538000,-0.005286534532344511,-0.005300557700501631,-0.005312634734234467,0.006420613563820328,0.10192408052590035
2015-06-26,10.30494499206543,13.515000343322754,13.904000282287598,13.475000381469728,13.885000228881836,71798000,-0.0293041760647319,-0.029742120389963326,-0.011019566497018162,0.011800486243828128,0.18732691170484764
2015-06-29,10.065526008605955,13.201000213623049,13.520999908447266,13.104000091552734,13.28499984741211,40473000,-0.02323340722767775,-0.02350755745403462,-0.01621213486612676,0.009776693520314343,0.15520019819549016
2015-06-30,10.13567352294922,13.29300022125244,13.437999725341797,13.211999893188477,13.380000114440918,28695000,0.006969085796737273,0.006944913957085854,-0.012529116844243626,0.014397611147174092,0.22855499141300412
2015-07-01,10.331631660461426,13.550000190734863,13.770000457763672,13.432000160217283,13.440999984741213,43059000,0.019333509220528455,0.019148991389951135,-0.006304304561497687,0.020310741303578305,0.32242302259581623
2015-07-02,10.494802474975586,13.763999938964844,13.774999618530272,13.53499984741211,13.5600004196167,32797000,0.015793324798696107,0.01566990798981501,-0.002088332695289563,0.022630190690913828,0.35924314014076175
2015-07-06,10.232508659362791,13.420000076293944,13.76099967956543,13.38700008392334,13.616000175476074,30188000,-0.024992734855012633,-0.025310356581295372,-0.0012260444533457094,0.02138161550112518,0.3394226234686855
2015-07-07,10.128811836242676,13.284000396728516,13.44499969482422,12.616000175476074,13.395000457763672,59268000,-0.010134056717873596,-0.010185755848510024,0.0013938256486151213,0.018637354930488452,0.2958588374526956
2015-07-08,9.763583183288574,12.80500030517578,13.133999824523926,12.685999870300291,13.010000228881836,51371000,-0.036058390545596786,-0.03672455731148578,-0.00721166961985169,0.024447475448810325,0.38809164132545587
2015-07-09,9.506627082824709,12.468000411987305,13.13599967956543,12.371999740600586,13.017999649047852,73469000,-0.026317807268101512,-0.026670319413710154,-0.016341932917577684,0.02021327323825749,0.3208757650261594
2015-07-10,9.900066375732422,12.984000205993652,13.08199977874756,12.649999618530272,12.66100025177002,50948000,0.041385792193166626,0.0405523186664305,-0.01122343943868358,0.03083474598776818,0.48948641774088775
2015-07-13,9.849745750427246,12.91800022125244,13.137999534606934,12.845999717712402,13.137999534606934,25304000,-0.005082857366342952,-0.005095819026012296,-0.007241463940949644,0.029882933457589918,0.4743768622432467
2015-07-14,10.087636947631836,13.229999542236328,13.248000144958496,12.85099983215332,12.9350004196167,26289000,0.02415201399429745,0.023864966765838144,-0.00038424979851543474,0.03284065804397318,0.5213292844563956
2015-07-15,10.043412208557127,13.17199993133545,13.348999977111816,13.08199977874756,13.166999816894531,23100000,-0.004384053401633503,-0.004393691543482213,0.005950617630277222,0.026724224344046817,0.4242339095726767
2015-07-16,10.270631790161133,13.470000267028809,13.47700023651123,13.08899974822998,13.36299991607666,33977000,0.022623743493313198,0.022371622143783673,0.015738927782560162,0.020089944434963494,0.31891798096811663
2015-07-17,10.191335678100586,13.366000175476074,13.5,13.196000099182127,13.496000289916992,29000000,-0.007720665454729825,-0.0077506240922952194,0.005917636252980874,0.01600566691689089,0.2540820853789633
2015-07-20,10.266057968139648,13.46399974822998,13.562000274658203,13.375,13.454999923706056,23563000,0.007331942779554179,0.007305194750864075,0.0084005962821603,0.01478926506260227,0.2347723045743702
2015-07-21,10.256145477294922,13.451000213623049,13.637999534606934,13.413999557495115,13.510000228881836,31532000,-0.0009655596018929291,-0.0009660260548482585,0.003377081562922224,0.01212774360503409,0.1925219612596449
2015-07-22,9.881007194519045,12.958999633789062,13.0,12.538000106811523,12.70400047302246,61346000,-0.03657692683926517,-0.03726263535230129,-0.003061493124604109,0.02189257871532907,0.3475339130319998
2015-07-23,10.06247615814209,13.196999549865724,13.5,13.050000190734863,13.118000030517578,30608000,0.01836543178753125,0.01819882403563977,-0.0039131554657604985,0.020693568436731043,0.3285002149325159
2015-07-24,9.796368598937988,12.847999572753906,13.385000228881836,12.833999633789062,13.35099983215332,36311000,-0.026445534381592473,-0.02680150748797572,-0.007658129251133028,0.023108342230716027,0.36683356052067706
2015-07-27,9.504337310791016,12.46500015258789,12.75,12.40999984741211,12.734999656677246,34893000,-0.029810157222813327,-0.030263512430949484,-0.015086549251606528,0.02305474402299512,0.3659827153505873
2015-07-28,9.791791915893556,12.842000007629396,12.954999923706056,12.35200023651123,12.55799961090088,27869000,0.030244571052436386,0.02979622167904379,-0.008844523120740666,0.03076840325765845,0.4884332595498832
2015-07-29,9.80399227142334,12.857999801635742,12.911999702453612,12.545000076293944,12.836999893188477,33407000,0.001245977818419508,0.0012452022322327863,-0.001279942189203731,0.026614827286451852,0.4224972851213258
2015-07-30,9.733081817626951,12.765000343322754,12.878999710083008,12.506999969482422,12.574000358581545,39169000,-0.007232814126453158,-0.0072590977395569104,-0.006399591372000612,0.024247876467804352,0.38492310573135363
2015-07-31,9.541701316833496,12.513999938964844,12.833999633789062,12.496000289916992,12.833999633789062,30593000,-0.019662888320414407,-0.01985877495925294,-0.005043062159764999,0.023003871468034218,0.36517513857667716
2015-08-03,9.592020988464355,12.579999923706056,12.74899959564209,12.423999786376951,12.642000198364258,27273000,0.00527365822508874,0.005259801186391707,0.001973700929815414,0.018463229067744683,0.2930946750748281
2015-08-04,9.414365768432615,12.347000122070312,12.55500030517578,11.87600040435791,12.55500030517578,47467000,-0.018521145882123613,-0.018694809952238853,-0.0077794424570965855,0.01127764302900285,0.1790270329782164
2015-08-05,9.511963844299316,12.475000381469728,12.569000244140623,12.100000381469728,12.300000190734863,34158000,0.010366930525894658,0.010313562426982708,-0.005955251915601556,0.013600875107766084,0.21590719888798723
2015-08-06,9.39911651611328,12.32699966430664,12.539999961853027,12.0600004196167,12.503999710083008,46052000,-0.011863725518013624,-0.01193466110804908,-0.0068814341939136495,0.013864739826559239,0.2200959214421313
2015-08-07,9.344216346740724,12.255000114440918,12.39799976348877,12.08199977874756,12.10200023651123,30527000,-0.005840992531419009,-0.005858117846748497,-0.004117055036114569,0.011920906325208177,0.18923852123398624
2015-08-10,9.704869270324709,12.727999687194824,12.739999771118164,12.300000190734863,12.348999977111816,28907000,0.03859637985691333,0.037870166823040244,0.002547489290250349,0.022817774321096336,0.3622209379536995
2015-08-11,9.47078800201416,12.42099952697754,12.623000144958496,12.291999816894531,12.564000129699709,26744000,-0.024119981608234142,-0.02441563210144894,0.0014277221450282429,0.02420537400904633,0.3842484001154586
2015-08-12,9.58668613433838,12.572999954223633,12.66800022125244,12.062000274658203,12.159000396728516,27205000,0.012237432861929909,0.012163160799403312,0.001801822612235293,0.02439180788287323,0.3872079461120848
2015-08-13,9.469263076782228,12.418999671936035,12.682000160217283,12.401000022888184,12.562000274658203,14571000,-0.01224855553949522,-0.012324187317112656,0.0017248566079389738,0.024446254666397143,0.38807226200543465
2015-08-14,9.299232482910156,12.196000099182127,12.449999809265137,12.116999626159668,12.399999618530272,26496000,-0.017956053442951814,-0.01811921953426253,-0.0006981555743675871,0.02593847854014898,0.41176058162771945
2015-08-17,9.57067584991455,12.552000045776367,12.552000045776367,12.079999923706056,12.131999969482422,21293000,0.029189867820085702,0.02877195666273457,-0.002579457981733113,0.02248752770892387,0.35697843551091984
2015-08-18,9.320581436157228,12.223999977111816,12.57699966430664,12.178000450134276,12.57699966430664,19502000,-0.026131322142683877,-0.026478812091561325,-0.00298172608862306,0.02298174633835188,0.36482391303149003
2015-08-19,9.260343551635742,12.145000457763672,12.277999877929688,11.93000030517578,12.157999992370604,30891000,-0.006462889137774819,-0.006483864026874313,-0.006721790488564005,0.021349461043990398,0.33891218728596
2015-08-20,8.770833015441895,11.503000259399414,12.064000129699709,11.503000259399414,12.008000373840332,41756000,-0.052860947702893846,-0.054309362048153585,-0.014844268921243731,0.029964985251744947,0.4756793940950119
2015-08-21,8.497865676879883,11.145000457763672,11.548999786376951,11.133000373840332,11.274999618530272,56472000,-0.0311221679949244,-0.03161675140181452,-0.01747749183163825,0.03087158420543651,0.4900712063170473
2015-08-24,8.382723808288574,10.994000434875488,11.50100040435791,10.0,10.109000205993652,69040000,-0.013549504424925751,-0.01364213665892963,-0.02602536628064054,0.017919784357225365,0.2844677577427425
2015-08-25,8.273693084716797,10.85099983215332,11.5,10.81999969482422,11.413000106811523,43921000,-0.013006598578849893,-0.013091925061226247,-0.023400421567873742,0.018838126882342297,0.2990459933817495
2015-08-26,8.860039710998535,11.619999885559082,11.673999786376951,11.118000030517578,11.260000228881836,59354000,0.07086879103176313,0.06847027325259103,-0.007934085533966151,0.04696612285868148,0.745564086773863
2015-08-27,9.627100944519045,12.62600040435791,12.699999809265137,12.038000106811523,12.050000190734863,91882000,0.08657537195553511,0.0830308896433205,0.01995317839771964,0.05442514113014213,0.8639723309996935
2015-08-28,9.730795860290527,12.76200008392334,12.772000312805176,12.468999862670898,12.553000450134276,36322000,0.010771146617146288,0.01071355102866424,0.028331841320133777,0.047362940905303935,0.7518633779764957
2015-08-31,9.604985237121582,12.597000122070312,12.803999900817873,12.5,12.663999557495115,30087000,-0.012929119567943403,-0.013013428112916602,0.028455918291530248,0.0472264107288319,0.7496960286160911
2015-09-01,9.10174560546875,11.937000274658203,12.501999855041504,11.8100004196167,12.152000427246094,49749000,-0.05239358720801557,-0.05381603931645394,0.02057852056569711,0.057940855061331814,0.9197825594563325
2015-09-02,9.457830429077148,12.404000282287598,12.406999588012695,12.015999794006348,12.21500015258789,36700000,0.039122695694158605,0.038376795322240254,0.014229301498176205,0.052539944220471826,0.8340457578274428
2015-09-03,9.437238693237305,12.376999855041504,12.6899995803833,12.321000099182127,12.539999961853027,29954000,-0.0021772155881053523,-0.002179589167786155,-0.0035212160105518864,0.03354697634625272,0.5325417399021057
2015-09-04,9.237471580505373,12.114999771118164,12.380999565124512,12.0649995803833,12.12399959564209,24923000,-0.02116796228488793,-0.02139521632371418,-0.00990903779095873,0.03318400660334028,0.5267797738629816
2015-09-08,9.84821891784668,12.916000366210938,12.93299961090088,12.482000350952148,12.539999961853027,35477000,0.0661162886422535,0.06402240857650603,0.005900043851080649,0.0472382451793978,0.7498838946946939
2015-09-09,9.696484565734863,12.717000007629396,13.178999900817873,12.630000114440918,13.017999649047852,31502000,-0.015407288706473343,-0.015527214393616323,0.013297303551389094,0.037775868533399516,0.5996733221930723
2015-09-10,9.814668655395508,12.871999740600586,12.916000366210938,12.479999542236328,12.854000091552734,36224000,0.01218834401884994,0.012114664239390895,0.007910433216327362,0.034990184429686426,0.5554519579754081
2015-09-11,9.994614601135254,13.107999801635742,13.121999740600586,12.694000244140623,12.815999984741213,39606000,0.01833438825678768,0.01816833988629144,0.012012753985305968,0.03471312801923748,0.5510538238083033
2015-09-14,10.003000259399414,13.119000434875488,13.373000144958496,13.0600004196167,13.25,34643000,0.0008390176708972241,0.0008386658923230605,0.016414149976463,0.030606519098003628,0.4858634281839992
2015-09-15,10.24623203277588,13.437999725341797,13.494999885559082,13.100000381469728,13.213000297546388,30804000,0.02431588194231149,0.024024957506907252,0.008054068636474598,0.015729876233114296,0.24970404399987536
2015-09-16,10.057308197021484,13.14900016784668,13.388999938964844,13.026000022888184,13.388999938964844,27317000,-0.018438371798536468,-0.018610477423814983,0.007447852018061973,0.01687670468518136,0.267909381283611
2015-09-17,9.99000072479248,13.060999870300291,13.305999755859377,13.020000457763672,13.151000022888184,19918000,-0.006692394317689976,-0.006714888806037807,0.0036717043507539905,0.01764561199082454,0.28011540635556653
2015-09-18,9.759010314941406,12.758999824523926,12.949000358581545,12.65999984741211,12.854000091552734,44021000,-0.02312216147070123,-0.0233936720864474,-0.004619605594743792,0.018739385885023403,0.2974785286430757
2015-09-21,9.733768463134766,12.72599983215332,12.937999725341797,12.621999740600586,12.836999893188477,16515000,-0.0025865175865215084,-0.002589868402344025,-0.005304712646227538,0.01855160608899047,0.29449761679380226
2015-09-22,9.53796100616455,12.470000267028809,12.583999633789062,12.369999885559082,12.49899959564209,22483000,-0.020116305181472893,-0.02032139311700531,-0.014191150070984416,0.008997335064551372,0.14282826625874523
2015-09-23,9.602211952209473,12.553999900817873,12.779999732971191,12.380999565124512,12.482000350952148,21879000,0.006736339769411348,0.006713752015118196,-0.009156207757394851,0.01241949949843217,0.19715344248445762
2015-09-24,9.492069244384766,12.40999984741211,12.53499984741211,11.94499969482422,12.40999984741211,44995000,-0.011470555781614822,-0.011536850048885924,-0.01011184005017982,0.012366239685962552,0.19630796917244636
2015-09-25,9.693998336791992,12.673999786376951,12.892999649047852,12.520000457763672,12.595999717712402,35087000,0.021273453364942796,0.021050332279605122,-0.0012327170830510159,0.016072255534334556,0.25513914691038464
2015-09-28,9.243484497070312,12.085000038146973,12.81700038909912,12.081000328063965,12.595999717712402,39887000,-0.046473480195661665,-0.047588041214294656,-0.010010109604879048,0.025946822375970884,0.4118930359151102
2015-09-29,9.153230667114258,11.967000007629396,12.248000144958496,11.805999755859377,12.190999984741213,47991000,-0.009764048393726465,-0.009812029294933224,-0.007939658247329761,0.025344831221612595,0.4023367225997538
2015-09-30,9.56167221069336,12.50100040435791,12.52299976348877,12.100000381469728,12.178999900817873,43955000,0.044622664765409104,0.04365573386051037,-0.0003623932481302106,0.0347483094444023,0.5516123116188328
2015-10-01,9.342155456542969,12.21399974822998,12.489999771118164,11.949999809265137,12.310999870300291,45674000,-0.022957987819838932,-0.023225626655935975,-0.0026598796557750328,0.03602276168337149,0.5718436137116846
2015-10-02,9.43317413330078,12.333000183105469,12.336000442504885,11.821000099182127,11.99899959564209,35207000,0.009742791926467431,0.009695636962489417,-0.004966011943470105,0.03444193679020731,0.5467487965097685
2015-10-05,9.2717866897583,12.121999740600586,12.487000465393066,12.095999717712402,12.395999908447266,39085000,-0.017108498291444896,-0.017256539587378005,0.0009069844373732483,0.02737287736519314,0.4345309570594201
2015-10-06,8.95742416381836,11.711000442504885,12.10099983215332,11.152999877929688,12.076000213623049,115846000,-0.03390528022901873,-0.034493395983410086,-0.003921261929685204,0.0315379163690908,0.5006489014906044
2015-10-07,9.074448585510254,11.86400032043457,11.95400047302246,11.58199977874756,11.864999771118164,37284000,0.013064517159362632,0.012979912438241033,-0.0102328914508945,0.020684421745804874,0.32835501571545705
2015-10-08,8.925300598144531,11.668999671936035,11.79599952697754,11.378999710083008,11.751999855041504,41409000,-0.0164360386154897,-0.0165726088146871,-0.008928501610024652,0.01987099019107492,0.31544219010112856
2015-10-09,8.94212532043457,11.690999984741213,11.80799961090088,11.553999900817873,11.656000137329102,34479000,0.0018850594559847167,0.0018832849610773963,-0.010500048104121196,0.018271508649959023,0.2900512077945426
2015-10-12,9.001019477844238,11.767999649047852,11.79800033569336,11.576000213623049,11.758999824523926,24184000,0.006586147621425509,0.006564553713102418,-0.005761118921547115,0.019179229226484837,0.30446082522708345
2015-10-13,8.675188064575195,11.342000007629396,11.666999816894531,11.321000099182127,11.633999824523926,32475000,-0.03619938986589999,-0.03687084172557589,-0.006219940848923367,0.020029436271796618,0.3179574436559434
2015-10-14,8.984193801879883,11.746000289916992,11.776000022888184,11.23799991607666,11.300000190734863,33530000,0.03561948571080564,0.0349997845842062,-0.0017089471386347644,0.02684033924136459,0.4260771764235525
2015-10-15,9.321505546569824,12.187000274658203,12.199000358581545,11.769000053405762,11.800000190734863,49316000,0.03754502096997969,0.03685736588724121,0.009087264778459114,0.030094896047654876,0.4777416640466127
2015-10-16,9.2603120803833,12.107000350952148,12.197999954223633,11.989999771118164,12.1899995803833,19866000,-0.006564762084923292,-0.006586404907526653,0.007397300470277512,0.0308287421049211,0.4893911090554029
2015-10-19,9.098923683166504,11.895999908447266,12.12600040435791,11.737000465393066,12.100000381469728,18593000,-0.017427965258177025,-0.01758162012295737,0.0025944778943570055,0.032794609637683825,0.5205982886685206
2015-10-20,9.170055389404297,11.98900032043457,12.006999969482422,11.760000228881836,11.847000122070312,21920000,0.007817595653581533,0.007787196581663632,0.01139787499825331,0.024681792204144286,0.39181130450123125
2015-10-21,9.216716766357422,12.050000190734863,12.267999649047852,12.01099967956543,12.175999641418455,28197000,0.005088450938588673,0.005075548522476268,0.005291668043809916,0.020636478958606354,0.3275939475629376
2015-10-22,9.586915016174316,12.534000396728516,12.562000274658203,12.121000289916992,12.161999702453612,34344000,0.040165957054054235,0.039380274513127186,0.005815855260624825,0.021668066670994402,0.3439698948181104
2015-10-23,9.91121768951416,12.958000183105469,12.984000205993652,12.406000137329102,12.746999740600586,35498000,0.03382763618877438,0.03326806604850668,0.013894334915364358,0.02336178220023136,0.3708567953104052
2015-10-26,9.45458984375,12.361000061035156,12.805999755859377,12.27400016784668,12.805999755859377,58129000,-0.04607182084672223,-0.04716689427424348,0.008165563797655317,0.034036196638322046,0.5403078712769566
2015-10-27,9.292437553405762,12.14900016784668,12.515000343322754,12.093999862670898,12.309000015258787,32280000,-0.017150642494706436,-0.01729941828430335,0.0031719161679977237,0.035881601700496535,0.569602768453117
2015-10-28,9.720767974853516,12.708999633789062,12.78499984741211,12.369999885559082,12.479000091552734,30966000,0.046094517072193586,0.04506372205013685,0.011373129394718707,0.04078092211217023,0.647377068868184
2015-10-29,9.185355186462402,12.008999824523926,12.416000366210938,11.871999740600586,12.100000381469728,61582000,-0.055079268405146875,-0.05665423691688681,-0.007675915697121516,0.04589362179936377,0.7285386602710151
2015-10-30,9.41787338256836,12.312999725341797,12.402000427246094,12.017000198364258,12.085000038146973,25516000,0.025314012510768036,0.024998919342710046,-0.009378640432722785,0.04409136047414069,0.6999286486864752
2015-11-02,9.469121932983398,12.380000114440918,12.520999908447266,12.246000289916992,12.366000175476074,26068000,0.005441626610726669,0.005426874453597073,0.0009240490587669959,0.039111111101568806,0.6208696408450112
2015-11-03,9.342155456542969,12.21399974822998,12.494999885559082,12.14799976348877,12.14799976348877,26222000,-0.013408474126642367,-0.013499179441606874,0.0016724827323798097,0.038712536818468576,0.6145424702525969
2015-11-04,9.492834091186523,12.41100025177002,12.486000061035156,12.005999565124512,12.25,43098000,0.01612889395220063,0.016000205235899154,-0.0043206418916187815,0.03182265311205296,0.5051689571566067
2015-11-05,9.259546279907228,12.105999946594238,12.5,12.0600004196167,12.491000175476074,28308000,-0.024575148900567778,-0.024882158176083073,0.0017801820092970377,0.02060601630377651,0.32711036790921016
2015-11-06,9.918102264404297,12.967000007629396,12.979000091552734,12.322999954223633,12.324999809265137,45287000,0.07112184167447855,0.06870654939687365,0.01094174784203914,0.037192690061884366,0.5904156509594972
2015-11-09,9.675639152526855,12.649999618530272,12.894000053405762,12.571000099182127,12.836999893188477,28250000,-0.024446522672752935,-0.024750299993829522,0.004964117985343219,0.04054812831410417,0.6436815818895382
2015-11-10,9.167763710021973,11.986000061035156,12.407999992370604,11.97700023651123,12.310999870300291,44759000,-0.05249011817190885,-0.0539179127099241,-0.0028522108237100776,0.048048321953924514,0.762743464824296
2015-11-11,9.174646377563477,11.994999885559082,12.270000457763672,11.982000350952148,12.020999908447266,25953000,0.0007507466116278838,0.0007504649423564664,-0.005927840291824626,0.04701054788819478,0.7462693122543365
2015-11-12,9.166996002197266,11.984999656677246,12.140999794006348,11.892000198364258,12.020999908447266,26588000,-0.0008338605164031065,-0.0008342083714720295,-0.001179582614991692,0.045840656648241045,0.727697864562873
2015-11-13,8.990313529968262,11.753999710083008,11.98900032043457,11.520999908447266,11.899999618530272,39824000,-0.019273759057673256,-0.019461919582471746,-0.019258702761422053,0.021628069425374492,0.3433349582278833
2015-11-16,9.290907859802246,12.147000312805176,12.177000045776367,11.708000183105469,11.746999740600586,27796000,0.033435355600445416,0.03288854917562163,-0.0076823271067823825,0.03142762118344347,0.49889801969842124
2015-11-17,9.336034774780272,12.206000328063965,12.368000030517578,12.100000381469728,12.145999908447266,19868000,0.004857104995440897,0.0048453473177855234,0.003787117526687567,0.018990391710738734,0.30146312259790287
2015-11-18,9.63127613067627,12.592000007629396,12.609999656677246,12.15999984741211,12.19200038909912,20270000,0.031623849205611565,0.031134113413900103,0.009961738045484303,0.022458708215211533,0.35652094023127806
2015-11-19,9.57697296142578,12.520999908447266,12.61299991607666,12.300999641418455,12.609999656677246,32780000,-0.005638211231171253,-0.005654165943067768,0.009000867902530674,0.02312883163256816,0.36715881969155634
2015-11-20,9.667988777160645,12.640000343322754,12.666999816894531,12.373000144958496,12.621000289916992,28057000,0.009503609971695637,0.009458734764059763,0.014756341708404452,0.017138715215482637,0.27206866950795505
2015-11-23,9.515779495239258,12.440999984741213,12.675000190734863,12.42099952697754,12.675000190734863,16003000,-0.015743634527272232,-0.015868881845977182,0.004920543682860923,0.017836553852629555,0.2831465144428129
2015-11-24,9.816377639770508,12.833999633789062,12.859000205993652,12.340999603271484,12.340999603271484,35659000,0.031589439906803074,0.031100758356530846,0.010267010665133358,0.021452698365967304,0.3405510289657872
2015-11-25,9.820199012756348,12.83899974822998,12.916999816894531,12.765999794006348,12.899999618530272,21396000,0.00038928544989524916,0.0003892096979732755,0.004020097913990095,0.01793884316996513,0.28477030701550393
2015-11-27,9.946404457092283,13.003999710083008,13.045000076293944,12.78600025177002,12.86299991607666,13262000,0.012851617790229808,0.012769736541772507,0.007718063718270307,0.017346083343504376,0.27536053648747416
2015-11-30,9.977764129638672,13.045000076293944,13.06999969482422,12.711999893188477,12.942999839782717,32615000,0.0031528652068866236,0.0031479053498195764,0.006447914765308505,0.017415028708351793,0.27645501022409547
2015-12-01,10.164390563964844,13.288999557495115,13.376999855041504,13.090999603271484,13.116999626159668,43255000,0.018704233924693003,0.01853146080893074,0.013337488455701551,0.012585251991972026,0.19978468174702943
2015-12-02,10.112380981445312,13.220999717712402,13.5,13.154000282287598,13.307000160217283,54364000,-0.005116842194545113,-0.005129978060160563,0.005996232035431914,0.009637331446519034,0.15298789385875047
2015-12-03,11.07382583618164,14.477999687194824,14.685999870300291,14.288000106811523,14.486000061035156,120661000,0.09507601192047987,0.09082377813817338,0.024933577329548838,0.04025595213770484,0.639043428878916
2015-12-04,11.286460876464844,14.755999565124512,14.788999557495115,14.324000358581545,14.479999542236328,60329000,0.01920158790907278,0.01901956383010624,0.026203571353317433,0.03987788943248313,0.6330418694908863
2015-12-07,11.383599281311035,14.883000373840332,14.972000122070312,14.55500030517578,14.668999671936035,44769000,0.008606631069687287,0.008569805167615876,0.027294324525877565,0.03915786256755051,0.6216117973595029
2015-12-08,11.303288459777832,14.777999877929688,14.859000205993652,14.57699966430664,14.684000015258787,34560000,-0.007054958589859495,-0.00707996248055459,0.02214248602296707,0.04215070935839881,0.669121767283717
2015-12-09,11.14036750793457,14.5649995803833,14.800000190734863,14.44200038909912,14.71399974822998,30803000,-0.01441358879082022,-0.014518473626276243,0.020283136703712047,0.04382556026205176,0.6957092011287821
2015-12-10,11.268868446350098,14.732999801635742,14.944000244140623,14.519000053405762,14.611000061035156,33078000,0.011534712685555837,0.011468695065044224,0.003574876856727238,0.013869480281985565,0.2201711738390868
2015-12-11,11.046289443969728,14.44200038909912,14.772000312805176,14.43000030517578,14.461999893188477,27777000,-0.019751672800161324,-0.019949344314759684,-0.004215775285119583,0.013837561650946871,0.21966448127957872
2015-12-14,10.900198936462402,14.25100040435791,14.53600025177002,14.12399959564209,14.413999557495115,36993000,-0.013225301423463787,-0.013313534525386911,-0.008582161783749797,0.012117582793276432,0.19236066337346908
2015-12-15,10.958330154418944,14.32699966430664,14.42300033569336,14.130999565124512,14.267999649047852,35398000,0.005333041928444526,0.005318871618583661,-0.0061045616800889935,0.01367434901920174,0.21707356107304682
2015-12-16,11.03888702392578,14.387999534606934,14.428000450134276,14.039999961853027,14.31700038909912,29644000,0.0073511993498709405,0.007324310978041113,-0.0017516040519507613,0.013831374273752252,0.21956625971163043
2015-12-17,10.778034210205078,14.04800033569336,14.550000190734863,14.041000366210938,14.493000030517578,24378000,-0.023630354505424944,-0.023914029133209135,-0.008784617490146918,0.014318386571549114,0.2272973402640342
2015-12-18,10.756550788879396,14.020000457763672,14.190999984741213,13.854999542236328,14.02299976348877,51964000,-0.0019932597082815695,-0.0019952488941628126,-0.005232934871770967,0.013065591904782682,0.20740984147148211
2015-12-21,11.186198234558104,14.579999923706056,14.600000381469728,14.185999870300291,14.3100004196167,26627000,0.03994286403806102,0.03916577321916943,0.0054006982205339945,0.02288254185850774,0.3632490907358234
2015-12-22,11.132493019104004,14.510000228881836,14.722999572753906,14.276000022888184,14.722999572753906,21684000,-0.0048010248279156675,-0.0048125867685678515,0.003373884869261956,0.02333438236596574,0.37042183642581794
2015-12-23,11.240668296813965,14.651000022888184,14.666000366210938,14.439000129699709,14.60200023651123,16170000,0.009717075728170377,0.009670168569964924,0.0038470601449218434,0.02345885316459316,0.37239774909776446
2015-12-24,11.226092338562012,14.631999969482422,14.729000091552734,14.571999549865724,14.640999794006348,7436000,-0.0012967163399070225,-0.0012975578040456386,0.008313787778025428,0.018526757737856486,0.2941031614482591
2015-12-28,11.228395462036133,14.635000228881836,14.640000343322754,14.392999649047852,14.59000015258789,13873000,0.00020515807323362445,0.00020513703119403166,0.008753471334328466,0.018244937988144333,0.28962941161455014
2015-12-29,11.350383758544922,14.793999671936035,14.878000259399414,14.50100040435791,14.699999809265137,22533000,0.010864267910872805,0.01080567574425161,0.002937752108890823,0.006965546338572605,0.11057462014535778
2015-12-30,11.30665111541748,14.737000465393066,14.888999938964844,14.711999893188477,14.75100040435791,17396000,-0.003852966036898775,-0.0038604078320122743,0.0031273638670942018,0.006710453869576784,0.10652515273962739
2015-12-31,11.136327743530272,14.515000343322754,14.75,14.51200008392334,14.657999992370604,19673000,-0.015063998185542271,-0.015178612698070765,-0.001828850915648328,0.009284419618338941,0.14738559226616435
2016-01-04,10.916131019592283,14.227999687194824,14.234999656677246,13.98799991607666,14.20699977874756,30970000,-0.019772830775918293,-0.0199709288495283,-0.005524073802850582,0.012229387512117539,0.19413550826221146
2016-01-05,10.550931930541992,13.751999855041504,14.329999923706056,13.720999717712402,14.314000129699709,38173000,-0.03345499320178835,-0.034027414632423765,-0.012256104057854978,0.01672530029248123,0.26550591106068716
2016-01-06,10.226395606994627,13.32900047302246,13.605999946594238,13.227999687194824,13.45699977874756,50824000,-0.030759019741936067,-0.031242008372707755,-0.020580761588416752,0.012044182759001088,0.191195473951972
2016-01-07,9.90108871459961,12.904999732971191,13.376999855041504,12.819000244140623,13.130999565124512,50056000,-0.03181051319513939,-0.032327460030786556,-0.026172271020064874,0.008219072968454703,0.1304737384921474
2016-01-08,9.835871696472168,12.81999969482422,13.345999717712402,12.805999755859377,13.003000259399414,64641000,-0.00658685322466368,-0.00660864227592529,-0.024476842027889155,0.011358203085873732,0.18030588423472985
2016-01-11,9.82359504699707,12.803999900817873,12.996999740600586,12.541999816894531,12.949999809265137,38941000,-0.0012481506320889402,-0.0012489302208527886,-0.020771905999123284,0.015530991086986561,0.246546840183163
2016-01-12,9.967836380004885,12.991999626159668,13.166999816894531,12.685999870300291,12.986000061035156,41112000,0.014683151363400926,0.014576397615324872,-0.01114427708608543,0.01998493767647205,0.31725105035442036
2016-01-13,9.460700035095217,12.331000328063965,12.998000144958496,12.30799961090088,12.774999618530272,48470000,-0.050877274222414504,-0.05221716757689851,-0.015167927982181117,0.026031783626184347,0.4132417539499619
2016-01-14,9.604937553405762,12.519000053405762,12.66800022125244,12.029000282287598,12.418999671936035,63942000,0.015245966765195407,0.015130914924515444,-0.005756631990114158,0.02699899037429159,0.42859568508121343
2016-01-15,9.204447746276855,11.996999740600586,12.378999710083008,11.93000030517578,12.020999908447266,75916000,-0.04169624267748606,-0.04259047681936819,-0.012778509880678635,0.031465117306455126,0.49949325219812873
2016-01-19,9.212118148803713,12.006999969482422,12.479999542236328,11.901000022888184,12.276000022888184,54773000,0.0008333365279802329,0.0008329894958787682,-0.0123622124486648,0.03166891649917867,0.5027284640861821
2016-01-20,9.500596046447754,12.383000373840332,12.55799961090088,11.717000007629396,11.782999992370604,103988000,0.031315045354851856,0.03083473096114742,-0.009035833650374614,0.03582111198332309,0.5686425239620115
2016-01-21,9.554302215576172,12.45300006866455,12.600000381469728,12.335000038146973,12.479999542236328,48475000,0.005652926286503712,0.005637008458733886,0.0022702064514090294,0.027196181075249744,0.4317259904147521
2016-01-22,9.55276584625244,12.451000213623049,12.64799976348877,12.42300033569336,12.64799976348877,58428000,-0.0001608039278082618,-0.00016081685814604572,-0.0008111476871917045,0.026213521317331435,0.4161267503576955
2016-01-25,9.55123519897461,12.449000358581545,12.498000144958496,12.399999618530272,12.442999839782717,61359000,-0.00016023079623905812,-0.00016024363456450488,0.007496054689057697,0.013531254960742513,0.2148020133164025
2016-01-26,9.543560028076172,12.439000129699709,12.651000022888184,12.399999618530272,12.5,119134000,-0.000803578881531597,-0.0008039019241127433,0.00716867160715533,0.013750778604782687,0.2182868431305763
2016-01-27,9.387044906616213,12.234999656677246,12.541000366210938,12.008999824523926,12.364999771118164,58156000,-0.016400077224799525,-0.016536047152505565,-0.002374352908774946,0.008267823485251282,0.13124762895452516
2016-01-28,9.69547176361084,12.63700008392334,12.654999732971191,12.199999809265137,12.293999671936035,49969000,0.03285665084836653,0.032328410758201705,0.0030663920035976177,0.01804304235143227,0.2864244177413752
2016-01-29,10.258617401123049,13.371000289916992,13.434000015258787,12.810999870300291,12.944000244140623,259449000,0.05808336626030042,0.056459126419099497,0.014715226041219354,0.03016695833103272,0.4788856173309642
2016-02-01,10.56320571899414,13.767999649047852,13.869000434875488,13.29599952697754,13.333999633789062,45619000,0.029690971596011417,0.029258729647578564,0.02068546651966945,0.029431940055538404,0.46721756393469105
2016-02-02,10.22255802154541,13.324000358581545,13.758999824523926,13.170000076293944,13.50100040435791,59005000,-0.03224851494051639,-0.032779954976878495,0.01439647930787249,0.037441377184716754,0.5943634366471693
2016-02-03,10.078316688537598,13.13599967956543,13.76099967956543,13.029000282287598,13.725000381469728,56234000,-0.014110101669641217,-0.014210595593851749,0.01485447441890415,0.03698166900337839,0.5870657955062707
2016-02-04,10.443517684936523,13.612000465393066,13.72700023651123,13.050000190734863,13.140000343322754,60833000,0.03623630886835305,0.035595215190318066,0.015530406022901455,0.03742123541407168,0.594043695950621
2016-02-05,9.848152160644531,12.836000442504885,13.699999809265137,12.697999954223633,13.699999809265137,70953000,-0.05700814057611381,-0.0586976290223289,-0.00748789534438139,0.04001021984511602,0.6351425496671893
2016-02-08,9.349452018737791,12.185999870300291,12.699000358581545,11.92199993133545,12.699000358581545,91242000,-0.05063895579311417,-0.05196610571972594,-0.023553880822206507,0.037391299764211135,0.5935684822414243
2016-02-09,9.18449592590332,11.970999717712402,12.571999549865724,11.876999855041504,11.982999801635742,63400000,-0.01764339690752703,-0.01780089694152993,-0.020632857215608636,0.03711169780315662,0.5891299387112071
2016-02-10,9.145365715026855,11.920000076293944,12.366999626159668,11.864999771118164,12.24899959564209,45473000,-0.004260463632642542,-0.004269565268483254,-0.0186629296082089,0.03779953145596649,0.6000489594435034
2016-02-11,8.923638343811035,11.630999565124512,11.763999938964844,11.425000190734863,11.649999618530272,66673000,-0.024244779063509414,-0.024543522244986543,-0.030759147194581393,0.022365467643854907,0.3550407920478108
2016-02-12,9.334107398986816,12.166000366210938,12.232999801635742,11.572999954223633,11.776000022888184,39965000,0.04599794829879689,0.04497140416738193,-0.010157929419599254,0.03564213713320213,0.5658013862958807
2016-02-16,9.685495376586914,12.62399959564209,12.678999900817873,12.295000076293944,12.32699966430664,38521000,0.03764558972593779,0.03695429072442819,0.007498979684211138,0.032284200890804735,0.5124958010011155
2016-02-17,10.02614974975586,13.067999839782717,13.08199977874756,12.67300033569336,12.699999809265137,32742000,0.03517160041110756,0.03456721047310077,0.018061979147938056,0.03059750217538904,0.4857202889750233
2016-02-18,9.74917697906494,12.70699977874756,13.199000358581545,12.607999801635742,13.175999641418455,39202000,-0.027625038285276404,-0.028013785828153944,0.013389064217411284,0.0361409047963751,0.5737190774884199
2016-02-19,9.87193202972412,12.866999626159668,12.878999710083008,12.5,12.704999923706056,31118000,0.012591324470032639,0.012512712938491304,0.020756284924119694,0.029738907688024944,0.472090524031325
2016-02-22,10.023077964782717,13.064000129699709,13.243000030517578,12.949000358581545,13.0,24204000,0.01531067420272958,0.01519464861827267,0.014618830104906232,0.026181013491777025,0.4156107046252128
2016-02-23,9.832804679870604,12.815999984741213,13.050000190734863,12.805999755859377,13.015999794006348,22352000,-0.018983518394315668,-0.019166018736617368,0.0032930084808555416,0.025977378902353496,0.4123781057335404
2016-02-24,10.00006103515625,13.034000396728516,13.125,12.541000366210938,12.651000022888184,25680000,0.017010035359295683,0.016866984627665282,-0.00033930452950683423,0.02124406136104772,0.33723901918997173
2016-02-25,10.163479804992676,13.246999740600586,13.24899959564209,12.869000434875488,13.07800006866455,25652000,0.016341777241349886,0.016209687510792437,0.008454058575818425,0.015430259406379333,0.24494777432696913
2016-02-26,10.212584495544434,13.310999870300291,13.496999740600586,13.225000381469728,13.420000076293944,27142000,0.004831484048173795,0.004819849887578506,0.0069020904914466556,0.01529979308558616,0.24287668569123927
2016-02-29,10.278564453125,13.397000312805176,13.791999816894531,13.289999961853027,13.333999633789062,35911000,0.006460652306901515,0.006439871748737718,0.005132086112281042,0.014578757525735817,0.23143060102444984
2016-03-01,10.620752334594728,13.843000411987305,13.86400032043457,13.461999893188477,13.536999702453612,44906000,0.03329140786442153,0.03274924896545227,0.015587071364028482,0.011346939253907834,0.18012707644558154
2016-03-02,10.508734703063965,13.696999549865724,13.824000358581545,13.505000114440918,13.78499984741211,43834000,-0.010547052412275049,-0.010603066775314241,0.010075653809714336,0.01615627667085469,0.2564729411030163
2016-03-03,10.536356925964355,13.732999801635742,13.885000228881836,13.43000030517578,13.774999618530272,59437000,0.002628501306854547,0.0026250528388411442,0.0073329986228152675,0.015989731811619376,0.25382912342497893
2016-03-04,11.206143379211426,14.605999946594238,14.78600025177002,14.17199993133545,14.600000381469728,72399000,0.06356907401234113,0.06163030325502353,0.019080516615648736,0.029533471683496734,0.4688293285614027
2016-03-07,11.010501861572266,14.35099983215332,14.623000144958496,14.057000160217283,14.47599983215332,41363000,-0.01745841642559165,-0.017612611885604815,0.014296702869150102,0.03372800053936908,0.5354154098797378
2016-03-08,10.712817192077637,13.963000297546388,14.281999588012695,13.940999984741213,14.229000091552734,33216000,-0.02703643060391081,-0.02740863902217158,0.002231135175483634,0.03595153532022993,0.5707129302496997
2016-03-09,10.891582489013672,14.196000099182127,14.253000259399414,14.04699993133545,14.074999809265137,31152000,0.016687048208778865,0.01654934916873477,0.007677955299694417,0.03559284922494148,0.5650189650084793
2016-03-10,11.080320358276367,14.44200038909912,14.579999923706056,14.199999809265137,14.345999717712402,54546000,0.017328782980166046,0.017180351919883534,0.010618011634356717,0.035678514181629956,0.5663788540373043
2016-03-11,11.417902946472168,14.881999969482422,15.001999855041504,14.574999809265137,14.598999977111816,55822000,0.030466861722427074,0.0300119633567163,0.003997569176373905,0.024813484479206397,0.3939018545576472
2016-03-14,11.365728378295898,14.814000129699709,14.918999671936035,14.699999809265137,14.711000442504885,28444000,-0.004569540345619294,-0.004580012609570766,0.006575344392368376,0.02259782882318766,0.3587294114169717
2016-03-15,11.391047477722168,14.847000122070312,14.998000144958496,14.607999801635742,14.850000381469728,30891000,0.0022276706413835168,0.0022251930619453463,0.012428164641427241,0.013788770742835462,0.21888994962495598
2016-03-16,11.441082954406738,14.86299991607666,14.927000045776367,14.6850004196167,14.746000289916992,34906000,0.004392526392539953,0.00438290740596708,0.00996926027817946,0.013934876514367004,0.22120930684445805
2016-03-17,11.665852546691896,15.154999732971191,15.17199993133545,14.737000465393066,14.737000465393066,44708000,0.01964583188329949,0.019455343356268383,0.010432670058806149,0.014275178233446732,0.22661142916093438
2016-03-18,11.738213539123535,15.24899959564209,15.300000190734863,15.086999893188477,15.194000244140623,70568000,0.0062028036221115634,0.0061836454179609,0.005579858438743046,0.008858567685370545,0.14062540240634122
2016-03-21,11.769002914428713,15.288999557495115,15.300000190734863,15.083000183105469,15.258999824523926,28207000,0.002623003509226951,0.0026195694392631805,0.0070183672097122955,0.0072333091271315035,0.11482522263866188
2016-03-22,11.912946701049805,15.47599983215332,15.560999870300291,15.154999732971191,15.239999771118164,33945000,0.012230754607479799,0.012156563259870244,0.009018984002931552,0.006955014642734936,0.1104074346569363
2016-03-23,11.77670192718506,15.298999786376951,15.531999588012695,15.234000205993652,15.482000350952148,27577000,-0.0114366980129893,-0.011502599992894555,0.005853139121825701,0.011623326356751607,0.18451458568384307
2016-03-24,11.777471542358398,15.300000190734863,15.32900047302246,15.112000465393066,15.175999641418455,25651000,6.535065403689977e-05,6.534851877593487e-05,0.0019370428759731828,0.00876053558699157,0.1390691910894657
2016-03-28,11.785170555114746,15.3100004196167,15.350000381469728,15.20699977874756,15.32800006866455,17224000,0.000653706759439654,0.0006534931862470766,0.0008272235034388009,0.008430297692404227,0.13382682703405968
2016-03-29,11.864455223083496,15.413000106811523,15.493000030517578,15.218000411987305,15.32699966430664,26765000,0.006727494319913818,0.006704965714269055,0.0016481216655761743,0.008838816063899337,0.14031185513592262
2016-03-30,12.07999038696289,15.692999839782717,15.727999687194824,15.45400047302246,15.5,26794000,0.01816646106599551,0.01800342250731896,0.0028352629572793164,0.010797170601340762,0.17139976964571227
2016-03-31,11.892936706542969,15.449999809265137,15.737000465393066,15.44499969482422,15.70199966430664,24968000,-0.015484588516046838,-0.015605726902623872,0.0020256848566678086,0.012195968355779914,0.1936049956020418
2016-04-01,12.146963119506836,15.779999732971191,15.791999816894531,15.116000175476074,15.404000282287598,25671000,0.021359435371762547,0.02113451970980332,0.006284501800212938,0.014783690054765812,0.2346838040686152
2016-04-04,12.00917148590088,15.60099983215332,15.833000183105469,15.565999984741213,15.800000190734863,17760000,-0.01134371054314598,-0.011408541173819259,0.0038850183396958115,0.016766710916175574,0.26616328433227504
2016-04-05,11.933733940124512,15.503000259399414,15.704999923706056,15.44499969482422,15.44499969482422,56915000,-0.006281661134153627,-0.006301473781927809,0.0012831872488823226,0.017218626952276574,0.27333722900230706
2016-04-06,12.126945495605469,15.753999710083008,15.777000427246094,15.371000289916992,15.470000267028809,28149000,0.016190368953285184,0.016060702621546543,0.0008879688263402574,0.016750541782756923,0.265906607296628
2016-04-07,11.929115295410156,15.496999740600586,15.795000076293944,15.468999862670898,15.748000144958496,22975000,-0.016313275281644612,-0.01644780180877609,0.0007222314732207025,0.01695587966344696,0.26916624509890935
2016-04-08,12.01994800567627,15.614999771118164,15.6899995803833,15.46399974822998,15.628000259399414,18526000,0.00761437105910634,0.007585528057475805,-0.002026781389310539,0.013544643455760539,0.21501454908588524
2016-04-11,11.97838020324707,15.560999870300291,15.779999732971191,15.5600004196167,15.743000030517578,18568000,-0.0034582347951562786,-0.00346422831108523,-0.0004496862397125989,0.01261583538470401,0.20027017805553415
2016-04-12,11.96452522277832,15.54300022125244,15.63700008392334,15.300000190734863,15.60099983215332,16537000,-0.0011566656120161056,-0.001157335065957807,0.0005753128647149053,0.012225710435991903,0.19407713648832975
2016-04-13,12.276283264160156,15.947999954223633,15.96500015258789,15.560999870300291,15.647000312805176,21730000,0.026056866910882936,0.025723171051689916,0.002548612456234456,0.015683447055956926,0.2489670036618608
2016-04-14,12.225476264953612,15.881999969482422,15.91100025177002,15.600000381469728,15.729000091552734,27549000,-0.004138630407370281,-0.004147218240964194,0.004983541431089322,0.012680556560592646,0.20129759487130014
2016-04-15,11.96914291381836,15.548999786376951,15.833999633789062,15.45199966430664,15.812999725341797,27685000,-0.020967146439118678,-0.02119007872982986,-0.0007327620685556813,0.016928691374782905,0.2687346443966382
2016-04-18,12.000707626342772,15.59000015258789,15.640000343322754,15.380999565124512,15.53499984741211,15297000,0.0026371740024901946,0.0026337027606370316,0.00048631969097361337,0.016902809178565584,0.26832377726918694
2016-04-19,11.628907203674316,15.107000350952148,15.677000045776367,15.07900047302246,15.645000457763672,24560000,-0.030981541609456098,-0.03147161836614888,-0.005478655508514385,0.022093223400924948,0.35071904867184045
2016-04-20,11.795177459716797,15.322999954223633,15.40999984741211,15.039999961853027,15.145999908447266,19435000,0.01429801211157189,0.014196759535496565,-0.007830426468376594,0.01817563861068926,0.28852931810200383
2016-04-21,11.650458335876465,15.135000228881836,15.32800006866455,15.045000076293944,15.289999961853027,16117000,-0.012269346886435661,-0.012345236707503732,-0.009456569764189671,0.018126419267568566,0.28774798525245593
2016-04-22,11.571942329406738,15.032999992370604,15.293999671936035,14.873000144958496,15.039999961853027,25699000,-0.006739306232094289,-0.006762117904001382,-0.006611001722784793,0.016946033165440483,0.26900993678884916
2016-04-25,11.477258682250977,14.90999984741211,15.086000442504885,14.876999855041504,15.024999618530272,10870000,-0.008182174129502062,-0.008215831837463071,-0.008774871349183245,0.016141563817228574,0.2562393817923916
2016-04-26,11.605043411254885,15.076000213623049,15.41100025177002,15.003999710083008,15.14900016784668,26309000,0.011133732587339962,0.01107220882489362,-0.00035181650982403224,0.012151927546496978,0.19290586942863777
2016-04-27,11.664316177368164,15.152999877929688,15.336000442504885,14.649999618530272,14.720999717712402,38930000,0.005107500593732883,0.005094501555517907,-0.0021899188133918334,0.009861173061434678,0.15654126933555373
2016-04-28,11.391817092895508,14.798999786376951,15.402000427246094,14.732999801635742,15.038999557495115,25520000,-0.02336177109133719,-0.023638983221412162,-0.00440840365437214,0.013332432450995569,0.21164580382140974
2016-04-29,11.219388008117676,14.574999809265137,14.779000282287598,14.324999809265137,14.630999565124512,35067000,-0.01513622307764817,-0.015251944914794419,-0.006087787023482916,0.014200056166181143,0.2254189033131875
2016-05-02,11.244791030883787,14.607999801635742,14.68299961090088,14.449999809265137,14.616000175476074,19525000,0.002264207526090578,0.002261648070926984,-0.0039985106923643874,0.014578326019798896,0.2314237510800598
2016-05-03,11.023099899291992,14.31999969482422,14.598999977111816,14.232999801635742,14.510000228881836,23986000,-0.019715006795850698,-0.01991194020238546,-0.01016825856900252,0.013017343017552786,0.20664391413160668
2016-05-04,10.936113357543944,14.20699977874756,14.44200038909912,14.126999855041504,14.25100040435791,20888000,-0.007891295782743946,-0.007922596836639166,-0.012768017844297885,0.010196161986640015,0.16185905366387857
2016-05-05,10.975370407104492,14.258000373840332,14.489999771118164,14.208999633789062,14.381999969482422,16841000,0.0035896710537905996,0.0035832435617822412,-0.007377729415272327,0.010318880856447913,0.16380715532799825
2016-05-06,10.92225742340088,14.189000129699709,14.25,13.91800022125244,14.175999641418455,30027000,-0.004839288491733318,-0.004851035762564693,-0.005318342498089356,0.009366980497445781,0.14869620559100177
2016-05-09,10.96151638031006,14.239999771118164,14.392000198364258,14.12600040435791,14.199999809265137,17300000,0.0035943995263347794,0.0035879551102779624,-0.005052304098040516,0.00965076833639893,0.15320119787284864
2016-05-10,11.131632804870604,14.461000442504885,14.513999938964844,14.149999618530272,14.25,18461000,0.01551942438056475,0.015400229753509938,0.001994582137242573,0.009116707904437579,0.14472325134455186
2016-05-11,11.073134422302246,14.385000228881836,14.621999740600586,14.35099983215332,14.409000396728516,16716000,-0.005255148421960287,-0.005269005282320349,0.002521811609399305,0.008454223920768068,0.13420664413443445
2016-05-12,10.856825828552246,14.104000091552734,14.472999572753906,13.95199966430664,14.406999588012695,26452000,-0.019534540582686,-0.01972786148555231,-0.002103030717896015,0.012886932566330191,0.20457371239781444
2016-05-13,10.780620574951172,14.005000114440918,14.312999725341797,13.961999893188477,14.093999862670898,21716000,-0.00701910989496235,-0.007043859729357129,-0.0025389949985418214,0.013038620780942206,0.20698168815391116
2016-05-16,10.98076057434082,14.265000343322754,14.362000465393066,14.069000244140623,14.086999893188477,20373000,0.018564793927974277,0.01839457167447662,0.0004550838817860781,0.016147378768904732,0.2563316912885174
2016-05-17,10.866832733154297,14.116999626159668,14.298999786376951,13.98799991607666,14.25100040435791,21248000,-0.010375223138253564,-0.010429420968148133,-0.004723845621977585,0.014135115898767057,0.2243880085272773
2016-05-18,11.075440406799316,14.387999534606934,14.505000114440918,14.032999992370604,14.053000450134276,22620000,0.01919673181391346,0.019014799211618926,0.00016653042519716444,0.017688547556778064,0.28079698733504355
2016-05-19,10.987688064575195,14.27400016784668,14.465999603271484,14.112000465393066,14.303000450134276,17478000,-0.00792314698115748,-0.007954701896874198,0.0024888091455028682,0.015015697187284573,0.23836680311884229
2016-05-20,11.29482650756836,14.67300033569336,14.767000198364258,14.371000289916992,14.413000106811523,25889000,0.027952963461293834,0.02756941059831721,0.009483223816754104,0.017430562925879682,0.2767016082824401
2016-05-23,11.40028476715088,14.8100004196167,15.034000396728516,14.788000106811523,14.819000244140623,17609000,0.009336864051152638,0.009293544970148105,0.007637637841389777,0.016701898568619953,0.2651344202111643
2016-05-24,11.655847549438477,15.142000198364258,15.16800022125244,14.835000038146973,14.859999656677246,19907000,0.022417227947145957,0.02216965499520007,0.014196128058469681,0.01409536995408795,0.2237570612158118
2016-05-25,11.821349143981934,15.357000350952148,15.399999618530272,15.048999786376951,15.184000015258787,21737000,0.014199018461890311,0.014099156582898523,0.013196585388065053,0.013826752685067605,0.2194928942657008
2016-05-26,11.779012680053713,15.302000045776367,15.425000190734863,15.182000160217283,15.376999855041504,18431000,-0.0035813563589545128,-0.003587784768512466,0.014064943512505645,0.012210675288589518,0.1938384609226183
2016-05-27,11.800565719604492,15.329999923706056,15.392999649047852,15.246000289916992,15.300000190734863,18693000,0.0018297832030758077,0.0018281111890953749,0.00884030746086204,0.010207109095531419,0.16203283363008936
2016-05-31,11.882159233093262,15.435999870300291,15.494999885559082,15.329999923706056,15.399999618530272,32058000,0.006914373041727817,0.0068905783849028705,0.008355809258977076,0.010235102182606886,0.16247721011107333
2016-06-01,11.91372299194336,15.47700023651123,15.531999588012695,15.333999633789062,15.340999603271484,30777000,0.0026563992478898513,0.0026528772552414136,0.004403643519125855,0.006627423623246149,0.10520708844110363
2016-06-02,11.9244966506958,15.491000175476074,15.552000045776367,15.33899974822998,15.520999908447266,46746000,0.0009043066352749651,0.0009038979963676912,0.0017447011538027856,0.0037628809233962186,0.059733882818732896
2016-06-03,12.5133695602417,16.256000518798828,16.600000381469727,16.1200008392334,16.57699966430664,82985000,0.049383460517936184,0.04820281125236523,0.012337664529180925,0.020836669786333015,0.33077187843246314
2016-06-06,12.534924507141112,16.284000396728516,16.393999099731445,16.101999282836914,16.34000015258789,34010000,0.0017225533694695816,0.0017210714759306617,0.01231621856245968,0.020850239485799733,0.33098729073339206
2016-06-07,12.688878059387209,16.483999252319336,16.594999313354492,16.2810001373291,16.333999633789062,32340000,0.0122819688430027,0.012207157395378108,0.013389737722714656,0.020639700624870194,0.3276450899293858
2016-06-08,12.60112476348877,16.3700008392334,16.461999893188477,16.333999633789062,16.409000396728516,25620000,-0.006915764773507305,-0.006939789505042537,0.011475304918435226,0.0222641672847621,0.3534326987005242
2016-06-09,12.63499355316162,16.413999557495117,16.5049991607666,16.211999893188477,16.214000701904297,29143000,0.0026877592523313343,0.0026841536865822497,0.011831995441846498,0.022065875198025293,0.3502849094097783
2016-06-10,12.379429817199709,16.082000732421875,16.29800033569336,16.0,16.216999053955078,26657000,-0.0202266613660409,-0.02043402117671251,-0.0020900289349489176,0.012208015054094627,0.19379623100920274
2016-06-13,12.317079544067385,16.000999450683594,16.225000381469727,15.96399974822998,16.013999938964844,21568000,-0.005036602981964178,-0.005049329416746404,-0.0034418602052356693,0.012053545143586983,0.19134409719972895
2016-06-14,12.238563537597656,15.89900016784668,16.05299949645996,15.812999725341797,15.927000045776367,25669000,-0.00637456356345012,-0.006394967852273066,-0.007173166686526233,0.008259850344836917,0.1311210592742975
2016-06-15,12.231612205505373,15.84000015258789,16.011999130249023,15.817999839782717,15.881999969482422,30884000,-0.0005679859463023629,-0.0005681473114249356,-0.005903610921085245,0.008780714784896308,0.13938952592534185
2016-06-16,12.24937343597412,15.86299991607666,15.883999824523926,15.5600004196167,15.704999923706056,22804000,0.0014520759954073093,0.0014510227525282764,-0.00615074757247005,0.008491067578185999,0.13479151906394188
2016-06-17,12.046286582946776,15.600000381469728,15.975000381469728,15.493000030517578,15.897000312805176,43333000,-0.016579366617309188,-0.016718342545855566,-0.0054212886227237075,0.007006374039594304,0.11122273980639324
2016-06-20,12.118098258972168,15.692999839782717,15.960000038146973,15.668999671936035,15.84000015258789,20265000,0.005961312270874597,0.005943613950856383,-0.003221705572155953,0.008683056789083807,0.13783925330260066
2016-06-21,12.031614303588867,15.581000328063965,15.84000015258789,15.560999870300291,15.76099967956543,16126000,-0.007136759707264129,-0.0071623481954341305,-0.003374144800918755,0.00875860787432924,0.1390385895996434
2016-06-22,11.97987461090088,15.513999938964844,15.717000007629396,15.479999542236328,15.572999954223633,16039000,-0.004300311777161392,-0.004309584711740297,-0.00412060996709056,0.008617570047786812,0.13679968351273744
2016-06-23,12.248600959777832,15.862000465393066,15.86299991607666,15.597000122070312,15.734999656677246,24435000,0.02243148259936123,0.02218359700679436,7.527135370022364e-05,0.014857504371899475,0.23585557002660554
2016-06-24,11.484125137329102,14.871999740600586,15.487000465393066,14.84000015258789,15.199999809265137,64177000,-0.06241331764820568,-0.0644460642365949,-0.009091518852479075,0.03197764187962916,0.5076293275666969
2016-06-27,11.091078758239746,14.36299991607666,14.725000381469728,14.22700023651123,14.649999618530272,37864000,-0.03422519124349832,-0.03482458917495823,-0.01712881955535366,0.032297062834010105,0.5126999780197062
2016-06-28,11.565205574035645,14.97700023651123,14.993000030517578,14.657999992370604,14.670000076293944,37233000,0.042748485168195405,0.04186000136616676,-0.007151770580261752,0.04230881675404083,0.6716316443795702
2016-06-29,11.96906566619873,15.5,15.5649995803833,15.07800006866455,15.201000213623049,47860000,0.03492026921421676,0.034324389174381104,0.0006923456180138787,0.04640694673486443,0.7366874409976332
2016-06-30,11.999954223632812,15.539999961853027,15.723999977111816,15.416999816894531,15.5,42626000,0.0025806991368853005,0.0025773748509606543,-0.0032778110744813072,0.04490708157549822,0.7128778197267537
2016-07-01,11.90883445739746,15.42199993133545,15.586999893188477,15.362000465393066,15.446999549865724,19779000,-0.007593342819250171,-0.007622319024203724,0.007686183891309794,0.03157195611208408,0.5011892656585211
2016-07-05,11.641654014587402,15.076000213623049,15.17099952697754,14.95300006866455,15.157999992370604,26321000,-0.022435482142762586,-0.02269098637770827,0.010044125711456941,0.027884160386387094,0.44264732340131385
2016-07-06,11.631614685058594,15.062999725341797,15.126999855041504,14.715999603271484,14.935999870300291,20603000,-0.0008623628151316343,-0.0008627348638534622,0.0013219561147915337,0.021089693892723492,0.33478851159974443
2016-07-07,11.659415245056152,15.098999977111816,15.300000190734863,15.013999938964844,15.013999938964844,19248000,0.0023900860499850296,0.002387234337310445,-0.005184080518054812,0.010485137684442546,0.1664464006518397
2016-07-08,11.97987461090088,15.513999938964844,15.524999618530272,15.194000244140623,15.265000343322754,26741000,0.02748502897524041,0.02711409694170555,-0.0002032145503837901,0.01818437675659034,0.2886680318678482
2016-07-11,12.1513032913208,15.736000061035156,15.847000122070312,15.628000259399414,15.710000038146973,25201000,0.014309722429309168,0.014208304712553734,0.004177398499328078,0.01859266470003832,0.29514940203786433
2016-07-12,12.246283531188965,15.859000205993652,16.090999603271484,15.824999809265137,15.857999801635742,20306000,0.007816465245831239,0.007786074941806257,0.010227787977046843,0.01123287640307566,0.17831638482278359
2016-07-13,12.155165672302246,15.741000175476074,16.038000106811523,15.734000205993652,15.890999794006348,15734000,-0.007440449884624889,-0.007468268104479588,0.008912170563148192,0.013088458539794541,0.20777283804885568
2016-07-14,12.416167259216309,16.07900047302246,16.106000900268555,15.88599967956543,15.954999923706056,23550000,0.021472482889213218,0.021245196967736812,0.012728649930993829,0.013487283578404362,0.21410398926157959
2016-07-15,12.444743156433104,16.115999221801758,16.156999588012695,15.965999603271484,16.111000061035156,19259000,0.002301507109255807,0.0022988626984118397,0.007691945557796909,0.011087830079750973,0.17601384582217525
2016-07-18,12.535086631774902,16.232999801635742,16.3700008392334,16.19499969482422,16.242000579833984,14626000,0.007259569298149637,0.007233345464294774,0.006281914931565003,0.010466744362311832,0.16615441571498665
2016-07-19,12.396093368530272,16.05299949645996,16.200000762939453,15.979000091552734,16.14699935913086,14797000,-0.011088336868155357,-0.011150270729988634,0.002500954508767683,0.01290448995997925,0.20485242738140969
2016-07-20,12.56134033203125,16.267000198364258,16.37700080871582,16.091999053955078,16.15999984741211,18064000,0.013330567831998374,0.013242497633137102,0.006655158052092336,0.012229732340996842,0.1941409822509685
2016-07-21,12.386825561523438,16.041000366210938,16.347999572753906,15.982000350952148,16.301000595092773,19530000,-0.013893005514929224,-0.013990416590142375,-0.00041793962873615254,0.011734519261193682,0.18627971832009527
2016-07-22,12.329682350158691,15.967000007629396,16.030000686645508,15.668999671936035,15.958999633789062,19664000,-0.004613224839643104,-0.004623898600978598,-0.0018008860185159347,0.011741359514770391,0.1863883039793068
2016-07-25,12.338176727294922,15.977999687194824,16.06999969482422,15.927000045776367,15.96399974822998,9627000,0.0006889372244145431,0.0006887000161064542,-0.0031150124332629536,0.010804059666236817,0.17150913016059674
2016-07-26,12.620800018310549,16.3439998626709,16.350000381469727,16.03700065612793,16.141000747680664,28631000,0.022906406453912842,0.022647993491726026,0.0036839362311506863,0.014571570306058112,0.23131650744913865
2016-07-27,12.79222583770752,16.56599998474121,16.760000228881836,16.270999908447266,16.5939998626709,30493000,0.013582801339713901,0.013491381983947438,0.0037343829326937916,0.014613691778467138,0.23198516509423955
2016-07-28,12.681804656982422,16.42300033569336,16.69700050354004,16.392000198364258,16.5,19512000,-0.008631897382518905,-0.008669367992863832,0.004786604559175856,0.013142527945366838,0.208631163252944
2016-07-29,12.508058547973633,16.197999954223633,16.46500015258789,16.110000610351562,16.39299964904785,26030000,-0.013700424640520459,-0.013795141561185331,0.0029691645990003847,0.015229922677399768,0.24176752734685666
2016-08-01,12.62620735168457,16.35099983215332,16.38800048828125,16.190000534057617,16.277999877929688,17876000,0.009445814732781166,0.009401481978801196,0.0047205401006737095,0.015404651557034547,0.24454126232110404
2016-08-02,12.578328132629396,16.288999557495117,16.39900016784668,16.226999282836914,16.309999465942383,22689000,-0.003792050749807041,-0.00379925880222194,-0.0006191513400702675,0.011708865262405109,0.18587247371452176
2016-08-03,12.672537803649902,16.410999298095703,16.415000915527344,16.128000259399414,16.187999725341797,15019000,0.007489840464259823,0.007461930881416205,-0.0018377435151610833,0.010062623373784408,0.15973919390363575
2016-08-04,12.89492893218994,16.698999404907227,16.700000762939453,16.420000076293945,16.427000045776367,19978000,0.017549060179247178,0.017396853564620635,0.0033984479971921333,0.012223181660195093,0.19403699341705097
2016-08-05,13.13662815093994,17.011999130249023,17.020000457763672,16.722999572753906,16.795000076293945,25594000,0.01874374182448113,0.018570242559692796,0.009887281290192451,0.009085792332481106,0.14423248185433496
2016-08-08,12.99995231628418,16.834999084472656,17.12299919128418,16.785999298095703,17.0,19084000,-0.010404179298169502,-0.010458681132430628,0.005917282484002318,0.012873912737760304,0.20436702902676274
2016-08-09,13.217711448669434,17.117000579833984,17.216999053955078,16.8700008392334,16.893999099731445,32743000,0.016750763932609214,0.016612017152452554,0.010025845420485568,0.012264198283569169,0.19468811212745538
2016-08-10,13.270217895507812,17.184999465942383,17.218000411987305,16.983999252319336,17.121999740600586,19523000,0.003972431009882982,0.00396456173902499,0.0093223635296102,0.012543726611232259,0.19912548676382127
2016-08-11,13.288750648498535,17.208999633789062,17.31599998474121,17.09000015258789,17.207000732421875,15745000,0.0013965673462676964,0.00139559305309656,0.006091864963014304,0.011961808095143817,0.18988781670257873
2016-08-12,13.318099975585938,17.246999740600586,17.261999130249023,17.13800048828125,17.21299934387207,16530000,0.002208584378149858,0.002206149040778358,0.0027848334737480495,0.009652292541778159,0.1532253938831312
2016-08-15,13.555160522460938,17.554000854492188,17.58099937438965,17.25,17.336999893188477,25807000,0.017799877408156473,0.017643314724716575,0.008425644815013244,0.008140557855023604,0.1292273497063551
2016-08-16,13.312691688537598,17.239999771118164,17.499000549316406,17.209999084472656,17.481000900268555,19069000,-0.017887566401118438,-0.018049482681786765,0.0014979787482677144,0.01272978219849867,0.20207902764746724
2016-08-17,13.361335754394531,17.30299949645996,17.327999114990234,17.176000595092773,17.225000381469727,16613000,0.0036539617227684396,0.0036473022220764014,0.0014342848908448058,0.012715094212576755,0.20184586309940844
2016-08-18,13.430837631225586,17.39299964904785,17.417999267578125,17.263999938964844,17.281999588012695,21120000,0.005201716213754759,0.005188234021452154,0.0021953146643422182,0.012825665362055667,0.20360112568160693
2016-08-19,13.50805950164795,17.493000030517578,17.506000518798828,17.343000411987305,17.417999267578125,15349000,0.005749594518425827,0.0057331286842945625,0.002903516692397412,0.012923967526952306,0.20516162417154157
2016-08-22,13.585278511047363,17.593000411987305,17.631000518798828,17.4060001373291,17.5,15393000,0.005716513862704886,0.005700236600668509,0.00048684398330709475,0.010306861818016056,0.1636163590078653
2016-08-23,13.69415283203125,17.733999252319336,17.746999740600586,17.61199951171875,17.672000885009766,19741000,0.008014139783395047,0.007982197113683445,0.005667185220209791,0.0015642210981566356,0.024831240127456876
2016-08-24,13.536629676818848,17.530000686645508,17.768999099731445,17.437000274658203,17.756999969482422,21802000,-0.011502949992200251,-0.011569620687704306,0.0026358028772160537,0.007978114288326463,0.1266486380289773
2016-08-25,13.59377384185791,17.604000091552734,17.714000701904297,17.4689998626709,17.552000045776367,18735000,0.004221447022143332,0.004212561711797209,0.002439749038893768,0.007911058730607837,0.12558416405048797
2016-08-26,13.680257797241213,17.715999603271484,17.864999771118164,17.51300048828125,17.683000564575195,22586000,0.006362026938906418,0.0063418746731970345,0.002562235522989886,0.00797956096989558,0.12667160338692643
2016-08-29,13.6987886428833,17.739999771118164,17.868000030517578,17.690000534057617,17.729999542236328,16726000,0.0013545684530757995,0.0013536518528672156,0.001689846441064069,0.007784555983567181,0.12357599519747145
2016-08-30,13.667903900146484,17.700000762939453,17.941999435424805,17.5939998626709,17.81599998474121,27838000,-0.0022545601324290843,-0.002257105479602944,-0.0003638935421007572,0.007015512539901861,0.11136780900141255
2016-08-31,13.623116493225098,17.642000198364258,17.832000732421875,17.53499984741211,17.709999084472656,32753000,-0.0032768306865916808,-0.0032822112536193882,0.0012813303190209568,0.004115291035677541,0.06532821991833726
2016-09-01,13.67485237121582,17.708999633789062,17.767000198364258,17.48200035095215,17.687999725341797,39128000,0.003797653643823118,0.0037904607621878092,0.001196571643356914,0.0040433327192668156,0.0641859170584232
2016-09-02,13.367517471313477,17.31100082397461,17.733999252319336,16.8799991607666,17.700000762939453,80668000,-0.02247445833852313,-0.022730857887029228,-0.004570725412128995,0.010400977277117225,0.1651103956037155
2016-09-06,13.21230411529541,17.110000610351562,17.399999618530273,16.964000701904297,17.36199951171875,36132000,-0.011611232702792629,-0.011679169463615182,-0.007163885643302681,0.010168069493205012,0.16141309915585816
2016-09-07,13.042421340942385,16.889999389648438,17.200000762939453,16.770999908447266,17.142000198364258,31437000,-0.012857921893907887,-0.01294130045945504,-0.009284557995598441,0.009992407925484219,0.15862455821725246
2016-09-08,13.002264022827148,16.83799934387207,16.882999420166016,16.6560001373291,16.839000701904297,18680000,-0.003078977213316625,-0.0030837270158515736,-0.00924498730094343,0.01002249321306557,0.15910214735162517
2016-09-09,12.41539478302002,16.077999114990234,16.704999923706055,16.066999435424805,16.632999420166016,45022000,-0.045135927002928455,-0.04618628057179787,-0.019031703430293746,0.01613188990570213,0.2560858132077663
2016-09-12,12.701107025146484,16.447999954223633,16.475000381469727,15.875,15.913000106811523,35673000,0.023012739193539078,0.022751939671562305,-0.009934263923881304,0.024408077833195107,0.38746622356645516
2016-09-13,12.759798049926758,16.52400016784668,16.736000061035156,16.43000030517578,16.447999954223633,36003000,0.004620937739054698,0.004610293983087546,-0.006687829835511838,0.025196041622434946,0.39997476093717155
2016-09-14,13.097246170043944,16.961000442504883,16.993000030517578,16.5049991607666,16.523000717163086,40324000,0.026446195997523958,0.02610254109828926,0.0011729937427745307,0.02868010176502336,0.4552825010776586
2016-09-15,13.3776216506958,17.27199935913086,17.299999237060547,16.81999969482422,16.933000564575195,36322000,0.02140720858504852,0.02118129275990771,0.00607023090244756,0.029839665226380433,0.47369000036654707
2016-09-16,13.262994766235352,17.124000549316406,17.298999786376953,16.985000610351562,17.242000579833984,83067000,-0.008568554818896956,-0.00860547594314673,0.01338370533925386,0.01488633082366061,0.2363131757618477
2016-09-19,13.223499298095703,17.072999954223633,17.357999801635742,16.940000534057617,17.155000686645508,28306000,-0.002977869541213707,-0.002982312216713488,0.008185583592303303,0.015217521748690278,0.24157066870650734
2016-09-20,13.029865264892578,16.822999954223633,17.22100067138672,16.816999435424805,17.22100067138672,18722000,-0.014643176426909155,-0.014751445974820542,0.004332760759110532,0.018442588197723896,0.29276701142131406
2016-09-21,13.153790473937988,16.982999801635742,17.00200080871582,16.76099967956543,16.839000701904297,17977000,0.009510858825172441,0.009465915350022731,0.0009456933246402288,0.014499687843478755,0.23017540873146733
2016-09-22,13.077108383178713,16.884000778198242,17.125,16.80699920654297,17.097000122070312,20619000,-0.00582965730761853,-0.005846716089992572,-0.004501679853893182,0.008941842468703021,0.14194734860942432
2016-09-23,12.907485961914062,16.665000915527344,16.902999877929688,16.551000595092773,16.8700008392334,26875000,-0.012970942527542162,-0.01305579978701676,-0.005382157395622223,0.009632483087024434,0.15291092853781435
2016-09-26,12.91058349609375,16.66900062561035,16.722999572753906,16.275999069213867,16.510000228881836,32033000,0.0002399796667473808,0.00023995087623315462,-0.004738587554030005,0.00993599310642154,0.15772900072826115
2016-09-27,13.233565330505373,17.086000442504883,17.08799934387207,16.601999282836914,16.68899917602539,25353000,0.025016827048083723,0.02470902908789687,0.0031934131409685706,0.014727495360032013,0.23379174094501426
2016-09-28,13.22117042541504,17.06999969482422,17.270999908447266,16.97800064086914,17.17799949645996,20843000,-0.0009366262817896986,-0.0009370651902691149,0.0011039161195761427,0.014343235295494616,0.22769180152777677
2016-09-29,13.357486724853516,17.246000289916992,17.39900016784668,16.948999404907227,17.0,38570000,0.010310456264631007,0.010257666061093195,0.00433193883402605,0.014208262408849245,0.22554917337697578
2016-09-30,13.362137794494627,17.25200080871582,17.46500015258789,17.243999481201172,17.299999237060547,34220000,0.00034819945824526854,0.0003481388508824665,0.006995767231183536,0.011051011832282633,0.17542937426311248
2016-10-03,13.172375679016112,17.006999969482422,17.388999938964844,16.972000122070312,17.301000595092773,22807000,-0.014201478715232252,-0.014303284727436345,0.004107475554787609,0.01458141690754334,0.2314728174018731
2016-10-04,13.093375205993652,16.905000686645508,17.09000015258789,16.808000564575195,17.06100082397461,19596000,-0.0059974354624814374,-0.006015492311266948,-0.0020953769473254225,0.008986131357656564,0.1426504129255109
2016-10-05,13.43648910522461,17.347999572753906,17.410999298095703,17.06800079345703,17.149999618530273,26149000,0.026205152898535422,0.025867680852562528,0.0033329788887396018,0.015614450663929148,0.24787171989386347
2016-10-06,13.491477012634276,17.41900062561035,17.46500015258789,17.125999450683594,17.329999923706055,21014000,0.004092431213172043,0.004084079993329843,0.0020893738784478087,0.015160830191145575,0.24067071813030622
2016-10-07,13.493030548095703,17.42099952697754,17.4950008392334,17.23900032043457,17.488000869750977,21842000,0.00011514939839218918,0.0001151427692091069,0.002042763866477193,0.015167878063600463,0.2407825996370326
2016-10-10,13.536405563354492,17.476999282836914,17.59000015258789,17.375999450683594,17.472999572753906,16336000,0.0032146236610210988,0.003209467804850013,0.005525984341727863,0.012217731108287121,0.1939504685879117
2016-10-11,13.257575035095217,17.117000579833984,17.549999237060547,16.952999114990234,17.52899932861328,26181000,-0.020598564881516235,-0.020813674411252783,0.0026057584579209036,0.01661442209203353,0.2637457741954693
2016-10-12,13.203356742858888,17.047000885009766,17.106000900268555,16.84000015258789,17.075000762939453,21740000,-0.004089608551549051,-0.004097993870190401,-0.003453193832095991,0.010105667877153064,0.16042250421096624
2016-10-13,13.084850311279297,16.893999099731445,16.989999771118164,16.68000030517578,16.87700080871582,22373000,-0.008975477515873909,-0.009015999767462562,-0.006066775577905181,0.009326081774028975,0.14804695848439647
2016-10-14,13.17392635345459,17.009000778198242,17.263999938964844,16.93400001525879,16.99799919128418,19570000,0.006807570591656598,0.006784503710085891,-0.0047282913392523,0.010799052014170406,0.17142963614847637
2016-10-17,13.080207824707031,16.88800048828125,17.094999313354492,16.87299919128418,16.969999313354492,12741000,-0.00711394053929737,-0.007139365266047629,-0.006794004179315994,0.009845604010612033,0.15629411831579748
2016-10-18,13.335026741027832,17.216999053955078,17.28700065612793,17.054000854492188,17.065000534057617,14167000,0.01948125899341413,0.019293928316490815,0.0012219605956700797,0.01189841140217391,0.188881425401325
2016-10-19,13.311789512634276,17.187000274658203,17.22800064086914,17.01099967956543,17.117000579833984,20440000,-0.0017425708133049778,-0.0017440908559359506,0.0016913681433188942,0.011680782700890485,0.18542667687084954
2016-10-20,13.431065559387209,17.340999603271484,17.45800018310547,17.101999282836914,17.166000366210938,18961000,0.008960181246836063,0.00892027701182879,0.005278499895860889,0.010252794918801865,0.16275807359097846
2016-10-21,13.393117904663086,17.29199981689453,17.34000015258789,17.06999969482422,17.229000091552734,15842000,-0.002825364417762155,-0.0028293632937728365,0.0033519128939771383,0.010784886263074035,0.17120476182126373
2016-10-24,13.674269676208496,17.655000686645508,17.700000762939453,17.356000900268555,17.416000366210938,19772000,0.020992256884972305,0.020774955299679168,0.008973152378831072,0.011279528670707204,0.17905696661228535
2016-10-25,13.449657440185549,17.364999771118164,17.649999618530273,17.35099983215332,17.60300064086914,21622000,-0.01642590363811125,-0.016562304527869377,0.001791719852525997,0.01401550877075276,0.2224893042327383
2016-10-26,13.399312019348145,17.299999237060547,17.47800064086914,17.110000610351562,17.21500015258789,21075000,-0.003743249302913809,-0.003750272793180694,0.0013915841546042306,0.014169351383968883,0.22493148000642327
2016-10-27,13.340450286865234,17.224000930786133,17.524999618530273,17.17799949645996,17.430999755859375,19840000,-0.004392892142366378,-0.0044025692437610975,-0.0012790305232362575,0.013634493617913655,0.2164408761917811
2016-10-28,13.116610527038574,16.934999465942383,17.28700065612793,16.90399932861328,17.249000549316406,20651000,-0.016779025820968685,-0.01692138839170543,-0.004069762803877564,0.01535020714251939,0.24367698403460233
2016-10-31,13.188640594482422,17.027999877929688,17.166000366210938,16.868999481201172,17.0,20317000,0.005491515303848171,0.0054764919093860205,-0.00716991112010239,0.009457458003198214,0.1501324914677999
2016-11-01,13.074007034301758,16.8799991607666,17.155000686645508,16.58300018310547,17.07200050354004,28452000,-0.008691840478890711,-0.00872983484520352,-0.005623098488258283,0.008100212534535363,0.1285868875988926
2016-11-02,13.365235328674316,17.256000518798828,17.415000915527344,16.981000900268555,17.291000366210938,43501000,0.022275366198631685,0.022030894039985517,-0.0004193753879491835,0.015015413754048948,0.23836230375571377
2016-11-03,13.398534774780272,17.298999786376953,17.534000396728516,17.21500015258789,17.2450008392334,20654000,0.0024914971780940487,0.0024883985447567768,0.0009575024761429018,0.014874945220538664,0.23613243491552482
2016-11-04,13.335026741027832,17.216999053955078,17.452999114990234,17.023000717163086,17.040000915527344,21753000,-0.004739923791665546,-0.004751192854207303,0.0033653228820035297,0.011978566439317603,0.1901538471689931
2016-11-07,13.706022262573242,17.695999145507812,17.788000106811523,17.410999298095703,17.43899917602539,26126000,0.027821130677148975,0.027441154497900862,0.00783124595666369,0.016338510580214013,0.25936581473066345
2016-11-08,13.709124565124512,17.700000762939453,17.802000045776367,17.51099967956543,17.707000732421875,18923000,0.00022634594427439758,0.00022632033189591861,0.009614883241296713,0.014462909639358812,0.2295915728408537
2016-11-09,13.431842803955078,17.341999053955078,17.649999618530273,17.115999221801758,17.14699935913086,32506000,-0.020226073506898312,-0.020433421181853442,0.0011145953001907127,0.017361044154018707,0.27559803199167143
2016-11-10,13.007402420043944,16.79400062561035,17.450000762939453,16.329999923706055,17.371999740600586,51217000,-0.031599564565046534,-0.03210960427464052,-0.005703617048437404,0.02259150125170497,0.35862896433369457
2016-11-11,12.976421356201172,16.753999710083008,17.0,16.572999954223633,16.735000610351562,29793000,-0.002381802518466758,-0.002384643522121545,-0.005231992793797646,0.022641208642173363,0.3594180446947027
2016-11-14,12.685199737548828,16.378000259399414,16.777000427246094,16.302000045776367,16.64699935913086,28187000,-0.02244236763421481,-0.022698029918646587,-0.015284692456070403,0.013683032317220747,0.21721140415575574
2016-11-15,12.89199924468994,16.645000457763672,16.75,16.361000061035156,16.482999801635742,25380000,0.016302424196678267,0.01617096647476587,-0.012069476805589629,0.019068082371848045,0.3026964236088275
2016-11-16,12.99888515472412,16.783000946044922,16.816999435424805,16.575000762939453,16.6299991607666,13333000,0.008290871571234648,0.008256691089563867,-0.006366087789963037,0.02024683645855773,0.32140856463083683
2016-11-17,12.93769359588623,16.70400047302246,16.902000427246094,16.601999282836914,16.735000610351562,18100000,-0.004707446685583649,-0.004718561608388332,-0.0009876642140704607,0.014672449400698269,0.23291791343055787
2016-11-18,13.024438858032228,16.81599998474121,16.916000366210938,16.674999237060547,16.674999237060547,19524000,0.006704847467834618,0.006682469947602223,0.0008296657831898147,0.015015331818128056,0.23836100306329303
2016-11-21,13.366779327392578,17.257999420166016,17.275999069213867,16.913000106811523,16.913000106811523,21384000,0.026284469764256135,0.02594496929766297,0.010575033262884004,0.011547070279905017,0.18330405799208202
2016-11-22,13.710671424865724,17.70199966430664,17.742000579833984,17.33099937438965,17.371999740600586,31024000,0.025727371496917506,0.0254019916502402,0.012460022722931851,0.01334507164577855,0.21184644481841697
2016-11-23,13.715320587158203,17.70800018310547,17.775999069213867,17.52400016784668,17.63599967956543,22123000,0.0003390907818012767,0.0003390333035153296,0.010869666565045177,0.01439837451915173,0.22856710956746812
2016-11-25,13.689760208129885,17.674999237060547,17.70199966430664,17.55699920654297,17.67799949645996,8198000,-0.0018636370084014198,-0.001865375740430359,0.011438428500481624,0.013666801629767442,0.21695374998010136
2016-11-28,13.52711009979248,17.46500015258789,17.707000732421875,17.45400047302246,17.606000900268555,26570000,-0.011881151011017055,-0.011952295969861129,0.007721228804711289,0.017316422829635986,0.2748896904267493
2016-11-29,13.589067459106444,17.545000076293945,17.697999954223633,17.343000411987305,17.38599967956543,18514000,0.004580236196563003,0.004569778834056913,0.0033803820911726622,0.013878861328915608,0.2203200933423727
2016-11-30,13.20490550994873,17.048999786376953,17.59000015258789,17.04400062561035,17.511999130249023,31249000,-0.02826992730102862,-0.028677216072909358,-0.007419077668416563,0.013131104873312573,0.20844982760576025
2016-12-01,12.60852336883545,16.27899932861328,17.048999786376953,16.121000289916992,17.000999450683594,46389000,-0.04516368107776003,-0.04621534698970402,-0.016519632040328823,0.020248883427375335,0.32144105925343414
2016-12-02,12.719276428222656,16.422000885009766,16.492000579833984,16.062000274658203,16.35700035095215,26945000,0.00878398335374908,0.00874562861325966,-0.014390107967898724,0.022599057048812796,0.3587489088943196
2016-12-05,12.86721134185791,16.613000869750977,16.660999298095703,16.239999771118164,16.60099983215332,21372000,0.011630764884313916,0.011563647455142951,-0.00968772478883253,0.02551028439251359,0.40496321026274035
2016-12-06,12.761102676391602,16.47599983215332,16.797000885009766,16.344999313354492,16.680999755859375,39184000,-0.008246438381029009,-0.00828062834738931,-0.012253059704350932,0.024334627174215914,0.3863002305026986
2016-12-07,13.054648399353027,16.854999542236328,16.854999542236328,16.367000579833984,16.47599983215332,32659000,0.023003162846146008,0.022742578700923128,-0.0019984416749160073,0.02659591860185016,0.4221971190588732
2016-12-08,13.221943855285645,17.070999145507812,17.13800048828125,16.750999450683594,16.954999923706055,38361000,0.012815010470975885,0.012733593063129794,0.009597296634831175,0.011327690432498335,0.17982151087869774
2016-12-09,13.87099838256836,17.909000396728516,18.190000534057617,17.690000534057617,18.09499931335449,75744000,0.049089190998436116,0.04792235058377722,0.017658338163768585,0.020900434035054975,0.3317841045003942
2016-12-12,13.798969268798828,17.81599998474121,18.07699966430664,17.6560001373291,17.80500030517578,37194000,-0.005192785103345532,-0.005206314468959849,0.014293628166236694,0.023326746448588422,0.37030061999534464
2016-12-13,13.898109436035156,17.944000244140625,18.194000244140625,17.799999237060547,17.874000549316406,69076000,0.00718460671265464,0.007158920383250287,0.017379837184973424,0.020441431915613168,0.3244976717446266
2016-12-14,13.83579444885254,17.761999130249023,17.922000885009766,17.62299919128418,17.875,46795000,-0.00448370243948748,-0.004493784380840956,0.011882464127846725,0.022173720796334857,0.35199690520849874
2016-12-15,14.02196216583252,18.000999450683594,18.1200008392334,17.656999588012695,17.83099937438965,38103000,0.01345551335474049,0.013365791871300842,0.012010564704599647,0.02218230357861068,0.35213315265325185
2016-12-16,13.898109436035156,17.841999053955078,18.108999252319336,17.74799919128418,18.075000762939453,41541000,-0.00883276736398253,-0.00887200749045977,0.0004261730321159174,0.009445206191373333,0.14993799998460833
2016-12-19,14.057014465332031,18.04599952697754,18.141000747680664,17.812000274658203,17.906999588012695,22219000,0.01143357159678593,0.011368702307233827,0.00375144437214221,0.009888764649839468,0.1569792722227317
2016-12-20,14.18242645263672,18.207000732421875,18.327999114990234,18.013999938964844,18.100000381469727,27352000,0.008921665949336965,0.008882103025024467,0.0040988562194786745,0.010068413203458223,0.15983110460033778
2016-12-21,14.19956398010254,18.22900009155273,18.39900016784668,18.17799949645996,18.37299919128418,21013000,0.0012083635704407403,0.0012076340867767424,0.005237269421464319,0.009133817510624446,0.14499485792255606
2016-12-22,14.067919731140137,18.059999465942383,18.299999237060547,17.937999725341797,18.28499984741211,17557000,-0.009271006429977247,-0.009314249689968006,0.0006919654645207718,0.00966123806506207,0.1533673996628706
2016-12-23,14.172298431396484,18.194000244140625,18.19799995422364,17.965999603271484,18.0049991607666,8977000,0.0074196258047520836,0.0073922357802599465,0.003942444098267694,0.008292630843950308,0.13164143356533714
2016-12-27,14.20111846923828,18.231000900268555,18.3700008392334,18.20499992370605,18.211000442504883,8283000,0.0020335472034620494,0.0020314823451983276,0.0020624392196029184,0.007157613249070348,0.11362358782692694
2016-12-28,14.035982131958008,18.018999099731445,18.299999237060547,17.983999252319336,18.263999938964844,14039000,-0.011628403610460802,-0.011696542239783742,-0.002047574692356635,0.008075500355677239,0.12819459392121374
2016-12-29,14.01105499267578,17.98699951171875,18.066999435424805,17.863000869750977,17.969999313354492,13671000,-0.0017759454983540257,-0.001777524359151317,-0.0026444365061155883,0.007882674868064158,0.12513358420125986
2016-12-30,13.76958179473877,17.677000045776367,18.09000015258789,17.601999282836914,18.03700065612793,25421000,-0.017234476494685014,-0.017384718818847848,-0.004237130519057141,0.010060078517590812,0.1596987955639717
2017-01-03,13.891875267028809,17.833999633789062,18.09000015258789,17.65399932861328,17.82900047302246,32098000,0.00888142240723444,0.00884221455192213,-0.00394477119856067,0.010495353878576582,0.16660857770598497
2017-01-04,13.792950630187988,17.707000732421875,17.899999618530273,17.667999267578125,17.826000213623047,23965000,-0.007121042691450752,-0.007146518330074275,-0.005775689177543231,0.009977436025828287,0.15838688667838963
2017-01-05,13.575618743896484,17.42799949645996,17.700000762939453,17.38800048828125,17.632999420166016,24861000,-0.015756736329922028,-0.01588219330660031,-0.006601355721435475,0.01072561569811026,0.17026387077150104
2017-01-06,13.755559921264648,17.659000396728516,17.690000534057617,17.33099937438965,17.42099952697754,23142000,0.013254731203250936,0.013167655849947479,-0.0035952203811144834,0.014017406002290927,0.22251942184971532
2017-01-09,13.785161018371582,17.69700050354004,17.829999923706055,17.663999557495117,17.665000915527344,20265000,0.0021519369096107965,0.002149624809780484,0.00028206229974467865,0.011808731820019467,0.18745780616895993
2017-01-10,14.065581321716309,18.05699920654297,18.073999404907227,17.690000534057617,17.749000549316406,30181000,0.020342185555251024,0.020138047071236783,0.0025742149293479953,0.014662659386767076,0.23276250177739513
2017-01-11,13.97600269317627,17.941999435424805,18.04700088500977,17.775999069213867,18.0049991607666,18787000,-0.006368640334952658,-0.006389006641312209,0.002724695400647614,0.014541644845518299,0.23084145549039412
2017-01-12,13.932380676269531,17.88599967956543,17.90999984741211,17.540000915527344,17.80900001525879,23137000,-0.003121208393014774,-0.00312608952326038,0.005251800988029065,0.011252974033082688,0.1786354248084259
2017-01-13,14.05623722076416,18.045000076293945,18.077999114990234,17.839000701904297,17.889999389648438,20902000,0.0088898335017209,0.008850551566796218,0.004378821447723058,0.010628918342297775,0.16872884783599687
2017-01-17,13.951854705810549,17.910999298095703,17.96299934387207,17.756000518798828,17.947999954223633,26316000,-0.007426063840144659,-0.007453774324005938,0.002463221297771967,0.011915791022316826,0.18915731831799854
2017-01-18,14.41221809387207,18.50200080871582,18.506999969482425,18.0,18.035999298095703,35642000,0.032996572697233884,0.0324638723171223,0.004994098726168539,0.0169451009492794,0.26899513831606686
2017-01-19,14.454283714294434,18.55599975585937,18.6879997253418,18.468000411987305,18.51000022888184,45718000,0.002918747145538303,0.0029144958733386475,0.006851576222266731,0.0158626126213072,0.2518111688383995
2017-01-20,14.88426685333252,19.107999801635746,19.15399932861328,18.809999465942383,18.86000061035156,57623000,0.029747799859003665,0.029313917753963994,0.013425377872670419,0.017429832183938565,0.27669000811374755
2017-01-23,14.878031730651855,19.100000381469727,19.152999877929688,18.84199905395508,19.10099983215332,33394000,-0.0004189069399321843,-0.00041899470595573273,0.011563629784339802,0.01849972114215939,0.29367396879718516
2017-01-24,15.403828620910645,19.77499961853028,19.964000701904297,19.22800064086914,19.27199935913086,62008000,0.03534048722154148,0.03473034577843634,0.02011693999667703,0.01737738211760838,0.2758573891231965
2017-01-25,15.772272109985352,20.24799919128418,20.25900077819824,19.80299949645996,19.992000579833984,60888000,0.023918955354680138,0.02363737832372731,0.018301416528166282,0.016124386748053193,0.2559667042726455
2017-01-26,15.903915405273438,20.41699981689453,20.527000427246094,20.113000869750977,20.444000244140625,38820000,0.008346501656203653,0.008311862223176337,0.01938696743029935,0.014971348477762004,0.2376627891806621
2017-01-27,16.023874282836914,20.57099914550781,20.57900047302246,20.35400009155273,20.538000106811523,25780000,0.007542726083898943,0.007514421963227214,0.014945952675278406,0.014412592108594378,0.2287928068029165
2017-01-30,15.829915046691896,20.32200050354004,20.48699951171875,20.06100082397461,20.44499969482422,33234000,-0.012104390780996455,-0.012178245501760415,0.012608855907065553,0.018022370187784787,0.28609625731693794
2017-01-31,15.540143966674805,19.950000762939453,20.246999740600582,19.88599967956543,20.246999740600582,26749000,-0.018305283329846267,-0.01847489811524255,0.0018797017967880024,0.01704850808482735,0.2706366757027634
2017-02-01,15.866521835327148,20.36899948120117,20.44799995422364,20.020999908447266,20.225000381469727,31184000,0.021002242279881456,0.020784735340627677,0.001296359181828266,0.0161310874228928,0.25607307418809694
2017-02-02,15.894570350646973,20.405000686645508,20.50300025939941,20.100000381469727,20.19700050354004,22712000,0.001767779706915551,0.0017662190233951964,-1.9385208029354395e-05,0.015674100753195645,0.2488186357051552
2017-02-03,16.05892562866211,20.61599922180176,20.65999984741211,20.30299949645996,20.4950008392334,24367000,0.01034034103403414,0.010287245411909538,0.0005401377819976849,0.01605679613452244,0.2548937365464576
2017-02-06,16.090085983276367,20.6560001373291,20.666000366210938,20.43000030517578,20.614999771118164,18716000,0.0019403760459941743,0.0019384959480660427,0.0033490911473958106,0.014438735038024774,0.22920781294180972
2017-02-07,16.039453506469727,20.590999603271484,20.739999771118164,20.49300003051757,20.72100067138672,22840000,-0.0031468120716861003,-0.0031517736963945263,0.006380785399027844,0.009503121229986616,0.15085737272065702
2017-02-08,16.11579132080078,20.68899917602539,20.875,20.516000747680664,20.597000122070312,21069000,0.004759377512473462,0.00474808748348867,0.0031322124455462454,0.00493236970159242,0.07829894162786045
2017-02-09,15.995058059692385,20.53400039672852,20.768999099731445,20.363000869750977,20.732999801635746,27519000,-0.007491612338797471,-0.00751981541246867,0.001280334036403641,0.006913208221073869,0.10974377828741218
2017-02-10,16.009075164794922,20.552000045776367,20.64999961853028,20.38500022888184,20.600000381469727,23842000,0.0008763397450779475,0.0008759559835908096,-0.0006124662213875976,0.0047784885723032335,0.07585615443047067
2017-02-13,16.10177230834961,20.67099952697754,20.711000442504883,20.51700019836425,20.67799949645996,12463000,0.005790287233989222,0.005773587952279342,0.00015751601621141197,0.005541879128049651,0.08797460381279314
2017-02-14,15.99427604675293,20.53300094604492,20.700000762939453,20.479999542236328,20.698999404907227,17357000,-0.006676051526386173,-0.006698436040782988,-0.0005483318747286026,0.006247752637963146,0.0991799983985895
2017-02-15,16.045684814453125,20.599000930786133,20.694000244140625,20.479999542236328,20.582000732421875,17088000,0.0032141978511512903,0.0032090433593224736,-0.0008573678069930368,0.0059507349769311255,0.09446498920208066
2017-02-16,16.216278076171875,20.81800079345703,20.82200050354004,20.51799964904785,20.645999908447266,17188000,0.010631722091729578,0.010575602747501599,0.002767299079112373,0.006401951325176055,0.10162782667173745
2017-02-17,16.389986038208008,21.041000366210938,21.041000366210938,20.68199920654297,20.89999961853028,30945000,0.010711950129381309,0.010654983645264226,0.004734421155973045,0.007143770535594248,0.11340384156295845
2017-02-21,16.572265625,21.27499961853028,21.36199951171875,21.090999603271484,21.100000381469727,30333000,0.011121399760015915,0.01106001172164297,0.005800643661178384,0.007715703471195329,0.12248299544820393
2017-02-22,16.68208885192871,21.416000366210938,21.49300003051757,21.14999961853028,21.299999237060547,23949000,0.006626928955509648,0.006605067392021152,0.008461239757557549,0.003455042939876222,0.05484710632777184
2017-02-23,16.403221130371094,21.058000564575195,21.59600067138672,20.964000701904297,21.507999420166016,29364000,-0.016716594908039673,-0.01685789408820113,0.004475081205719355,0.011986387034300158,0.19027799526556352
2017-02-24,16.386873245239258,21.03700065612793,21.065000534057617,20.26099967956543,20.83799934387207,27651000,-0.0009966265163351418,-0.0009971234787597306,0.0021494114841064116,0.011615566674406348,0.18439140454541258
2017-02-27,16.613542556762695,21.327999114990234,21.34499931335449,21.018999099731445,21.066999435424805,26991000,0.013832371077215022,0.013737576983528286,0.002773495673673154,0.012256759646154075,0.19457002741929427
2017-02-28,16.430490493774414,21.093000411987305,21.43400001525879,21.030000686645508,21.41399955749512,27548000,-0.011018243843109121,-0.011079394287009433,-0.001654433046951853,0.01248403420957825,0.19817789926420115
2017-03-01,16.7584285736084,21.513999938964844,21.53899955749512,21.05599975585937,21.30699920654297,51155000,0.01995911686009877,0.019762544983187448,0.0010120045339659712,0.01570365862377125,0.2492878523541213
2017-03-02,16.9259033203125,21.72900009155273,22.49799919128418,21.60199928283692,22.410999298095703,71171000,0.009993463645382894,0.009943859193992183,0.006354016244650484,0.012350075917755525,0.19605137730689345
2017-03-03,17.006134033203125,21.832000732421875,22.0,21.770000457763672,21.799999237060547,30747000,0.004740114094492265,0.004728915129315659,0.007501364366815966,0.01174827852581785,0.18649813987460734
2017-03-06,16.97653579711914,21.79400062561035,21.85300064086914,21.51700019836425,21.636999130249023,22771000,-0.0017404447140187962,-0.0017419610475719672,0.004386801208569202,0.01171446823448159,0.18596141813882502
2017-03-07,17.078580856323242,21.924999237060547,22.136999130249023,21.708999633789062,21.733999252319336,29129000,0.006010947134539535,0.005992953461819298,0.007792639404098934,0.008003730879106856,0.12705528880083067
2017-03-08,17.10818099975586,21.96299934387207,22.124000549316406,21.854999542236328,21.92200088500977,24532000,0.0017331734809604704,0.0017316732689712133,0.004147450728271274,0.004429892298777903,0.07032236014419942
2017-03-09,17.29357147216797,22.201000213623047,22.285999298095703,21.812000274658203,21.87800025939941,25675000,0.010836363749878286,0.010778071102338463,0.004316030749170352,0.004714853586842421,0.07484598035319553
2017-03-10,17.63163948059082,22.63500022888184,22.641000747680664,22.27300071716309,22.27300071716309,39430000,0.019548767527108657,0.0193601446378212,0.00727776143569363,0.00832040499534353,0.1320823345501111
2017-03-13,17.639427185058594,22.645000457763672,22.77499961853028,22.535999298095703,22.586000442504883,26669000,0.000441689184737859,0.00044159166878334014,0.007714188215444962,0.00776801224795163,0.12331337153630294
2017-03-14,17.475849151611328,22.434999465942383,22.62800025939941,22.35099983215332,22.47599983215332,22165000,-0.00927343227935562,-0.009316698242865951,0.004657312332665931,0.010958145671364867,0.1739551696611022
2017-03-15,17.598918914794922,22.593000411987305,22.665000915527344,22.323999404907227,22.433000564575195,20727000,0.007042276579289686,0.007017595555563318,0.005719132952331773,0.010860754779379896,0.17240913718017228
2017-03-16,17.39938735961914,22.23600006103516,22.582000732421875,22.15699958801269,22.54800033569336,27835000,-0.011337716603037507,-0.01140247847841875,0.001284316881748615,0.012631667302170782,0.20052150195390042
2017-03-17,17.307056427001953,22.11800003051757,22.371000289916992,22.084999084472656,22.35199928283692,51635000,-0.0053065622776736765,-0.005320692088592602,-0.0036867490792078517,0.0074921312406306595,0.11893389631539927
2017-03-20,17.311752319335938,22.124000549316406,22.263999938964844,22.077999114990234,22.11800003051757,17215000,0.00027132819227748683,0.0002712913894404722,-0.003720821277699926,0.007469014170585415,0.11856692420511822
2017-03-21,16.903291702270508,21.60199928283692,22.29800033569336,21.552000045776367,22.224000930786133,30557000,-0.023594412023167033,-0.02387721743911767,-0.006585017226462209,0.011686046366711233,0.18551023497532704
2017-03-22,17.012842178344727,21.742000579833984,21.83699989318848,21.53899955749512,21.60199928283692,19131000,0.006481014349382752,0.006460102878948018,-0.006697269672443595,0.011523994103112088,0.18293773504205652
2017-03-23,16.969024658203125,21.68600082397461,21.84600067138672,21.64299964904785,21.72599983215332,19223000,-0.0025755555528150786,-0.0025788780020123132,-0.00494483746239911,0.011306076316173181,0.17947839741906907
2017-03-24,17.134126663208008,21.89699935913086,22.13999938964844,21.77400016784668,21.801000595092773,23794000,0.009729610766112673,0.009682582899123788,-0.00193760285364184,0.013050869058009878,0.2071761235245716
2017-03-27,17.140384674072266,21.905000686645508,22.01799964904785,21.597000122070312,21.683000564575195,15358000,0.00036523664072674045,0.0003651699580610169,-0.0019188211639519892,0.01305490963478049,0.20724026569230145
2017-03-28,17.289051055908203,22.09499931335449,22.17799949645996,21.834999084472656,21.85099983215332,17929000,0.008673456556714365,0.008636058225345852,0.00453475255202429,0.005381558834740106,0.0854295980555092
2017-03-29,17.31722640991211,22.131000518798828,22.13500022888184,21.968000411987305,22.07999992370605,15927000,0.0016296645728441916,0.001628338110464489,0.0035644825967165784,0.0053802691433406154,0.08540912483924278
2017-03-30,17.21784782409668,22.003999710083008,22.44499969482422,21.88599967956543,22.190000534057617,34168000,-0.005738712624242637,-0.005755242305262853,0.002931851182431067,0.006376469331240494,0.10122331255855616
2017-03-31,17.133338928222656,21.895999908447266,22.099000930786133,21.80299949645996,21.999000549316406,25897000,-0.0049082148208878795,-0.004920299666814873,4.2860650309561875e-06,0.005810364801903037,0.09223668175439106
2017-04-03,17.120819091796875,21.8799991607666,21.999000549316406,21.666000366210938,21.89999961853028,19210000,-0.0007307295138577752,-0.000730996626801788,-0.00021490716588594693,0.005814015194886618,0.09229462994652432
2017-04-04,17.133338928222656,21.895999908447266,22.041000366210938,21.788000106811523,21.816999435424805,12634000,0.0007312638699499274,0.00073099662680175,-0.0018033457032388344,0.003334952614902058,0.05294073151929243
2017-04-05,16.990154266357422,21.71299934387207,22.049999237060547,21.68000030517578,21.95400047302246,15690000,-0.00835707870281932,-0.00839219486760659,-0.0038006943583715367,0.003731838829513696,0.05924110485520565
2017-04-06,17.01909637451172,21.75,21.847000122070312,21.55900001525879,21.670000076293945,14615000,0.0017034635295576361,0.0017020142811538152,-0.0023122591276114822,0.0042180898008882224,0.06696009972532915
2017-04-07,17.077789306640625,21.825000762939453,21.983999252319336,21.70400047302246,21.75,16412000,0.0034486514934368717,0.0034427185314412,-0.0006408858647465321,0.004573040251752208,0.0725947634497473
2017-04-10,17.059782028198242,21.802000045776367,21.905000686645508,21.6259994506836,21.707000732421875,17994000,-0.0010544267831774645,-0.0010549830821834337,-0.0007056253186104699,0.004576919728433132,0.0726563482328361
2017-04-11,17.023008346557617,21.7549991607666,21.84000015258789,21.402999877929688,21.6560001373291,22219000,-0.002155577461648739,-0.0021579040627925945,-0.0012829935849302033,0.004532210192174891,0.0719466063478021
2017-04-12,16.36962890625,20.920000076293945,21.61400032043457,20.8439998626709,21.566999435424805,61026000,-0.03838213710561589,-0.039138139152448466,-0.007288005265489517,0.0175226044025941,0.27816272142857706
2017-04-13,16.535520553588867,21.131999969482425,21.39699935913086,20.89999961853028,20.92099952697754,42579000,0.01013411167039524,0.010083105870249865,-0.005601875637321996,0.01895148504748147,0.30084549846597053
2017-04-17,16.73505401611328,21.386999130249023,21.43600082397461,21.2189998626709,21.238000869750977,14507000,0.012066959844279523,0.011994734530441383,-0.0038782139671534655,0.020322744648453076,0.32261356978845374
2017-04-18,16.674808502197266,21.309999465942383,21.371000289916992,21.20599937438965,21.30599975585937,8486000,-0.0035999593343414293,-0.0036064547815286567,-0.004387320477386258,0.02026612632307541,0.32171478173686424
2017-04-19,16.716278076171875,21.363000869750977,21.482999801635746,21.326000213623047,21.37800025939941,12081000,0.0024869595335470507,0.002483872167396645,-0.0034588130783471003,0.020498950725594905,0.325410754546147
2017-04-20,17.07465362548828,21.82099914550781,21.91200065612793,21.42200088500977,21.5,16916000,0.02143871666188968,0.02121213999753269,0.008505357675154012,0.009557319712649327,0.15171774696003248
2017-04-21,17.0316219329834,21.766000747680664,21.83300018310547,21.61599922180176,21.742000579833984,14683000,-0.0025202088105991116,-0.0025233898825913763,0.0059744935789551425,0.010633124561327058,0.16879561949306499
2017-04-24,17.311752319335938,22.124000549316406,22.190000534057617,21.968000411987305,22.069000244140625,17531000,0.0164476634964541,0.016313865792200226,0.006850634309390058,0.0114125411475254,0.1811684742218635
2017-04-25,17.465116500854492,22.31999969482422,22.39999961853028,22.19499969482422,22.20199966430664,14848000,0.008858963476924275,0.008819953085116775,0.009342418871643198,0.009807623422511619,0.15569119517122743
2017-04-26,17.346174240112305,22.167999267578125,22.39299964904785,22.08699989318848,22.349000930786133,14726000,-0.006810275828184054,-0.006833571583870792,0.007482971799296978,0.012055936453117682,0.19138205806168498
2017-04-27,17.456506729125977,22.30900001525879,22.40900039672852,22.20599937438965,22.28899955749512,11850000,0.0063606238174716,0.0063404804210537595,0.004467353230413362,0.00925215500037685,0.14687340733451915
2017-04-28,17.27810287475586,22.08099937438965,22.31399917602539,21.97699928283692,22.28300094604492,16490000,-0.010219905800079254,-0.010272487598160246,0.002927413832517334,0.01115170364125836,0.17702780717677846
2017-05-01,17.31801414489746,22.131999969482425,22.22599983215332,21.99099922180176,22.208999633789062,15339000,0.002309933586511548,0.0023072697912625774,9.986785052882308e-05,0.008292331184406889,0.1316366766175579
2017-05-02,17.64117431640625,22.545000076293945,22.549999237060547,22.14999961853028,22.34600067138672,27277000,0.01866034805174266,0.018488379788140087,0.0020601447654925,0.011441233183950947,0.1816239461798035
2017-05-03,17.5981388092041,22.489999771118164,22.61899948120117,22.354999542236328,22.451000213623047,18002000,-0.00243949220331241,-0.0024424726125274435,0.0029343014904668284,0.010739516848087102,0.17048454468616026
2017-05-04,17.480764389038086,22.34000015258789,22.586000442504883,22.18600082397461,22.525999069213867,16245000,-0.006669706463766856,-0.006692048353902035,0.0003282354342191374,0.011268188310130062,0.17887694396909584
2017-05-05,17.71942901611328,22.645000457763672,22.64900016784668,22.405000686645508,22.496000289916992,23128000,0.013652985748429769,0.013560623469512093,0.005102813743920942,0.010726031051024688,0.1702704642946085
2017-05-08,17.612224578857422,22.507999420166016,22.709999084472656,22.38599967956543,22.652000427246094,17448000,-0.006050106758991647,-0.006068482810427468,0.0034308056748203032,0.011861706977551035,0.1882987607239179
2017-05-09,17.876705169677734,22.84600067138672,22.940000534057617,22.47100067138672,22.562000274658203,19261000,0.015016875899811488,0.014905238857809226,0.002702111244434069,0.01075224923061107,0.17068666499269486
2017-05-10,18.10127830505371,23.132999420166016,23.34199905395508,22.86899948120117,22.948999404907227,24433000,0.012562333676392257,0.012484082228396054,0.005702476420375002,0.01104785497865449,0.1753792607653595
2017-05-11,18.082496643066406,23.108999252319336,23.184999465942383,22.823999404907227,23.06800079345703,14823000,-0.0010375876040787935,-0.0010381262707383307,0.006828900192312614,0.00967256170415413,0.15354715686071366
2017-05-12,18.46357154846192,23.59600067138672,23.604999542236328,23.083999633789062,23.14800071716309,25852000,0.021074241733186394,0.02085525126292387,0.00831315138926394,0.011397153192172119,0.18092419800356022
2017-05-15,18.70379066467285,23.902999877929688,23.989999771118164,23.5,23.56100082397461,29172000,0.013010436013445092,0.012926527299803096,0.012125259943751288,0.008103715869811158,0.1286425013222868
2017-05-16,18.83290672302246,24.06800079345703,24.128999710083008,23.86899948120117,23.99399948120117,18128000,0.0069032027071112,0.0068794846942416615,0.01050252530521123,0.008191809079872577,0.13004093767838212
2017-05-17,18.089542388916016,23.11800003051757,23.89699935913086,23.108999252319336,23.799999237060547,31447000,-0.0394715667124137,-0.040271694621786897,9.574522745003922e-05,0.023558887115746524,0.37398573884225433
2017-05-18,18.59659194946289,23.766000747680664,23.86199951171875,22.76799964904785,23.15800094604492,30699000,0.028029982718499324,0.027644332676230968,0.005909259291965663,0.02659951644549985,0.4222542330561922
2017-05-19,18.318029403686523,23.40999984741211,23.698999404907227,23.20499992370605,23.67099952697754,35812000,-0.014979225577104294,-0.015092547247789951,-0.0013014341700924748,0.026346340861691114,0.4182351952594432
2017-05-22,18.65292930603028,23.83799934387207,23.89800071716309,23.42200088500977,23.55299949645996,20419000,0.01828252892073423,0.018117412944040047,-0.000247015588634647,0.027155394016058175,0.43107851592276875
2017-05-23,18.50894927978516,23.65399932861328,23.89299964904785,23.583999633789062,23.834999084472656,13696000,-0.00771889625929012,-0.007748841132798926,-0.003171435381914911,0.02697964010190148,0.42828850902993987
2017-05-24,18.748395919799805,23.959999084472656,24.0009994506836,23.69700050354004,23.84600067138672,16392000,0.01293680351029769,0.012853837842009384,0.007310238662627366,0.018055832103710263,0.28662744876452134
2017-05-25,18.84699058532715,24.086000442504883,24.1560001373291,23.87299919128418,24.11100006103516,19010000,0.005258832059505503,0.005245052690005651,0.002756008530828602,0.013921635200947736,0.22099910751042257
2017-05-26,18.87437629699707,24.121000289916992,24.15999984741211,23.832000732421875,24.09000015258789,13120000,0.001453054881411342,0.001452000218698733,0.006042464622531729,0.010104490311353527,0.1604038109334183
2017-05-30,18.765609741210938,23.98200035095215,24.138999938964844,23.89999961853028,24.049999237060547,29364000,-0.005762656952189582,-0.005779325125921374,0.0012334274479469665,0.008401047947221777,0.13336250172407102
2017-05-31,18.7390079498291,23.94799995422364,24.28899955749512,23.756000518798828,24.25200080871582,44830000,-0.001417582042293919,-0.0014185877622900046,0.0024936902913462065,0.007093180983028724,0.1126007573128
2017-06-01,18.35636711120605,23.458999633789062,24.187000274658203,23.381000518798828,24.15999984741211,63774000,-0.02041948216509193,-0.02063084197968987,-0.004177566843731717,0.009933269418159819,0.15768576351752486
2017-06-02,19.916650772094727,25.452999114990234,25.582000732421875,24.415000915527344,24.85400009155273,108613000,0.08499958904919502,0.08157960823584887,0.011770584554206187,0.041792586690606974,0.6634367461767238
2017-06-05,19.73510932922364,25.22100067138672,25.67799949645996,25.020000457763672,25.39999961853028,39532000,-0.009115058799215592,-0.009156855125520079,0.0096569618180808,0.04270217466228036,0.6778760075882244
2017-06-06,19.864221572875977,25.38599967956543,25.53400039672852,25.062000274658203,25.07699966430664,29653000,0.006542261382922687,0.006520953674164535,0.012117945485103254,0.04193911478645304,0.665762807586879
2017-06-07,19.897085189819336,25.42799949645996,25.584999084472656,25.29700088500977,25.36800003051757,29290000,0.0016544125236819252,0.0016530454908324904,0.012732344398298423,0.04171314236170743,0.662175606552668
2017-06-08,19.949512481689453,25.4950008392334,25.61000061035156,25.23200035095215,25.5,28273000,0.002634923224681396,0.0026314579003889763,0.01734322547625309,0.03826407640021309,0.6074233818152367
2017-06-09,19.04104804992676,24.333999633789062,25.600000381469727,24.145000457763672,25.551000595092773,58191000,-0.04553817706555585,-0.046607633541907126,-0.008764327746697087,0.02136131871110962,0.3391004219159211
2017-06-12,18.98862075805664,24.26700019836425,24.31100082397461,23.575000762939453,24.040000915527344,54872000,-0.0027533826779205794,-0.0027571802083108166,-0.007491992522438084,0.021524044764196882,0.34168361792572105
2017-06-13,19.009748458862305,24.29400062561035,24.791000366210938,24.16699981689453,24.496000289916992,30853000,0.001112650627702827,0.0011120320907609916,-0.008577914673482057,0.020762475036198706,0.3295940732878114
2017-06-14,18.82194709777832,24.054000854492188,24.4950008392334,23.76300048828125,24.35700035095215,34509000,-0.00987921336730957,-0.009928336596026195,-0.010884639851680356,0.019966906568727436,0.31696481539268884
2017-06-15,18.701717376708984,23.79899978637696,23.948999404907227,23.527000427246094,23.53400039672852,27527000,-0.0063877408880576025,-0.006408229803409756,-0.012689172674228155,0.018814032347374453,0.29866350449686546
2017-06-16,18.564990997314453,23.625,23.94300079345703,23.51300048828125,23.89299964904785,35819000,-0.0073108996698244555,-0.007337755269268492,-0.005043717195081876,0.004285879030683249,0.06803622038696666
2017-06-19,18.95003890991211,24.114999771118164,24.481000900268555,24.03499984741211,24.481000900268555,28519000,0.020740538611268677,0.020528382118767133,-0.00034493293724402463,0.012476621979134614,0.19806023375371615
2017-06-20,18.8588809967041,23.999000549316406,24.364999771118164,23.98500061035156,24.200000762939453,24429000,-0.004810434091527149,-0.004822041468911377,-0.0015295498810900198,0.01258435485268082,0.19977044010229394
2017-06-21,19.26201057434082,24.511999130249023,24.590999603271484,24.191999435424805,24.357999801635746,34998000,0.021376113339236502,0.02115084876177958,0.004721515460219194,0.01494186556254013,0.23719476241104842
2017-06-22,19.177141189575195,24.40399932861328,24.641000747680664,24.308000564575195,24.551000595092773,18666000,-0.0044060501596173696,-0.004415785405132963,0.005117853605907241,0.014595794290309688,0.23170105127769555
2017-06-23,19.27300453186035,24.525999069213867,24.687000274658203,24.27899932861328,24.35400009155273,34985000,0.004998833837509986,0.004986381149679274,0.007579800307374129,0.0129168803680696,0.2050491190121077
2017-06-26,19.075767517089844,24.27499961853028,24.790000915527344,24.1200008392334,24.599000930786133,32103000,-0.010233848824372616,-0.010286574689407711,0.0013849228202458708,0.012446101006488222,0.1975757283333512
2017-06-27,18.49269294738769,23.53300094604492,24.198999404907227,23.52300071716309,24.13599967956543,33582000,-0.030566244277184684,-0.031043134923945125,-0.0037662392168856364,0.019166663774732542,0.3042613548643969
2017-06-28,18.942182540893555,24.104999542236328,24.17300033569336,23.450000762939453,23.65900039672852,24533000,0.02430633519870118,0.024015637346723004,-0.0031801948449927007,0.02014732180246149,0.3198288184398162
2017-06-29,18.391321182250977,23.40399932861328,23.89699935913086,23.05699920654297,23.8700008392334,34513000,-0.029081197874286424,-0.02951243712693796,-0.008115224387926511,0.023298309793688368,0.36984920209343997
2017-06-30,18.31352424621582,23.30500030517578,23.66900062561035,23.285999298095703,23.62700080871582,26534000,-0.004230089576720331,-0.0042390617165432775,-0.009961009070772575,0.02234572722499014,0.3547274226132563
2017-07-03,18.054988861083984,22.97599983215332,23.52400016784668,22.90800094604492,23.451000213623047,21123000,-0.014117183653783005,-0.01421777896147734,-0.010737676036654653,0.022424926915201517,0.35598467871853223
2017-07-05,18.200363159179688,23.160999298095703,23.232999801635746,22.910999298095703,23.100000381469727,29699000,0.008051752300387571,0.008019509899088501,-0.003014076721140202,0.020451833386269623,0.3246627899723845
2017-07-06,18.469905853271484,23.503999710083008,23.57299995422364,22.75,22.756000518798828,26334000,0.014809742626253453,0.014701149235191693,-0.004913395235629748,0.017509686819016997,0.2779576611464676
2017-07-07,18.82980728149414,23.96199989318848,24.018999099731445,23.527000427246094,23.530000686645508,24731000,0.01948582906062346,0.01929841104427599,0.00480001015135223,0.013836950267479383,0.2196547758679147
2017-07-10,18.998754501342773,24.177000045776367,24.194000244140625,23.881000518798828,24.051000595092773,22499000,0.00897232867670783,0.008932316492646088,0.007440493802037862,0.012911715049221676,0.20496712211742393
2017-07-11,18.92960548400879,24.089000701904297,24.26000022888184,23.93899917602539,24.200000762939453,20502000,-0.003639660554016655,-0.003646300234174854,0.009535998421991132,0.008702445162894583,0.1381470341951763
2017-07-12,19.364166259765625,24.64200019836425,24.718000411987305,24.106000900268555,24.299999237060547,27710000,0.022956673667813066,0.022697133841731606,0.012516982695476232,0.010445219104490396,0.16581271284037424
2017-07-13,19.43410873413086,24.731000900268555,24.98699951171875,24.655000686645508,24.71199989318848,20400000,0.003611953823726477,0.0036054463835223367,0.010277424934970835,0.011015615108296992,0.17486746868975808
2017-07-14,19.668275833129883,25.02899932861328,25.040000915527344,24.78499984741211,24.863000869750977,14417000,0.012049284183934361,0.011977269465974102,0.008790115959633017,0.009907818170172014,0.15728173748113308
2017-07-17,19.56847381591797,24.902000427246094,25.23600006103516,24.88599967956543,25.07900047302246,18746000,-0.005074263654763489,-0.005087181447970027,0.005980797493338752,0.011676749472405436,0.1853626513535367
2017-07-18,19.71464729309082,25.08799934387207,25.093000411987305,24.606000900268555,24.72599983215332,13003000,0.007469845556067112,0.007442084421626373,0.008202698715355505,0.010372629112904243,0.16466038244791886
2017-07-19,19.99124526977539,25.440000534057617,25.45400047302246,25.05500030517578,25.200000762939453,25526000,0.01403007482571117,0.01393256432058557,0.006417378946935126,0.0075945283084552125,0.12055939937407516
2017-07-20,19.915023803710938,25.343000411987305,25.5,25.23500061035156,25.450000762939453,12135000,-0.003812742279726389,-0.0038200293098478383,0.004932439726244553,0.008894762344439632,0.14119997480645466
2017-07-21,19.88987922668457,25.31100082397461,25.35199928283692,25.04599952697754,25.152999877929688,15504000,-0.001262593370422227,-0.0012633911129854235,0.0022700642153732353,0.008196873365583592,0.13012133072173926
2017-07-24,19.88359260559082,25.30299949645996,25.36800003051757,25.16900062561035,25.32900047302246,13638000,-0.00031607135579359014,-0.0003161213168723547,0.003221702675167215,0.007365049192355181,0.11691653134037354
2017-07-25,19.9833927154541,25.43000030517578,25.44099998474121,25.01799964904785,25.280000686645508,16123000,0.0050192192046432105,0.005006664914895283,0.0027315774048824347,0.007088000992127242,0.11251852750648662
2017-07-26,20.196346282958984,25.701000213623047,25.819000244140625,25.46199989318848,25.4689998626709,19971000,0.01065652717419674,0.010600146582333088,0.002056867874579549,0.00578428155400177,0.09182262303040147
2017-07-27,19.72014045715332,25.09499931335449,25.849000930786133,24.895000457763672,25.82099914550781,32010000,-0.023578810698421826,-0.023861239242866917,-0.0018963458091595387,0.013023323815102473,0.20673885634935646
2017-07-28,19.67456245422364,25.03700065612793,25.11199951171875,24.75,24.89200019836425,31919000,-0.002311241293068367,-0.0023139163337970023,-0.0021060753936887667,0.013019009336234932,0.2066703661206343
2017-07-31,19.383026123046875,24.666000366210938,25.2450008392334,24.54599952697754,25.097999572753903,18902000,-0.014817932132166867,-0.014928814415986471,-0.005006447548963422,0.014091706873870322,0.22369891162008188
2017-08-01,19.51897430419922,24.839000701904297,25.0,24.69599914550781,24.82299995422364,17582000,0.00701377485070287,0.006989292739890952,-0.00460753641975149,0.01446963123851431,0.22969827491952235
2017-08-02,19.90952491760254,25.336000442504883,25.72800064086914,25.106000900268555,25.459999084472656,36970000,0.020008767229090507,0.019811222581877893,-0.0027370884087727365,0.017269617843465594,0.27414668430560124
2017-08-03,19.668275833129883,25.02899932861328,25.299999237060547,24.722999572753903,25.2810001373291,23447000,-0.012117269772688677,-0.012191282380883217,-0.0004447802236261067,0.014320403557337607,0.22732935892080003
2017-08-04,19.580263137817383,24.91699981689453,25.097000122070312,24.812000274658203,25.073999404907227,13454000,-0.00447485565380612,-0.004484897789637766,-0.0008775030957736574,0.014423222748477793,0.2289615629793705
2017-08-07,19.837221145629883,25.24399948120117,25.28899955749512,24.88999938964844,24.93899917602539,18730000,0.013123317393840761,0.013037952698370818,0.0047107468094278685,0.013015972355702028,0.20662215554927466
2017-08-08,19.75235939025879,25.13599967956543,25.429000854492188,25.04199981689453,25.19799995422364,20439000,-0.004277905395524084,-0.004287081812724658,0.002452410760182477,0.013487528194629285,0.2141078724237664
2017-08-09,19.580263137817383,24.91699981689453,25.035999298095703,24.75200080871582,24.952999114990234,21256000,-0.00871269345809278,-0.00875087088564625,-0.00329188137725418,0.0097352851286464,0.15454286035622297
2017-08-10,18.915456771850582,24.07099914550781,24.700000762939453,24.04599952697754,24.666000366210938,29033000,-0.03395288210824865,-0.0345426696736865,-0.007659003844366174,0.01692596967994874,0.26869143883058333
2017-08-11,19.18735885620117,24.41699981689453,24.52400016784668,23.8700008392334,24.0049991607666,16976000,0.014374597855613125,0.014272262841156966,-0.0038891131424823254,0.019686506946886926,0.3125136093900495
2017-08-14,19.71699905395508,25.090999603271484,25.125,24.600000381469727,24.68600082397461,16736000,0.027603600981421117,0.027229490511193385,-0.0009930564249662544,0.023508864023281985,0.373191646867425
2017-08-15,19.93545722961425,25.36899948120117,25.4060001373291,25.12700080871582,25.312000274658203,20942000,0.011079686876352968,0.01101875679012847,0.002078462029409156,0.023971110323903325,0.380529579402847
2017-08-16,19.91423797607422,25.34199905395508,25.474000930786133,25.18099975585937,25.43199920654297,15394000,-0.0010643976356112805,-0.0010649645090628356,0.0036081211939054557,0.02334622970076705,0.3706099070353171
2017-08-17,19.405807495117188,24.69499969482422,25.424999237060547,24.665000915527344,25.299999237060547,22793000,-0.025531003574823186,-0.025862575394214462,0.005292496900590549,0.020026605931739026,0.31791251340043464
2017-08-18,19.59597969055176,24.937000274658203,25.14800071716309,24.613000869750977,24.732999801635746,20126000,0.009799756875998211,0.009752050678139694,0.004377528704667566,0.019608064548238793,0.31126837491565146
2017-08-21,19.615623474121094,24.96199989318848,25.18899917602539,24.61800003051757,25.18899917602539,20693000,0.0010024394737866427,0.0010019373668638566,-0.0009427035968593289,0.014733645310241229,0.23388936837798832
2017-08-22,20.05332565307617,25.518999099731445,25.61899948120117,25.100000381469727,25.183000564575195,26917000,0.022313957011488084,0.022068643247049154,0.0013041504301676942,0.017602654923189912,0.2794334840474837
2017-08-23,20.189271926879883,25.691999435424805,25.891000747680664,25.339000701904297,25.39200019836425,27928000,0.006779238324634784,0.0067563626168901806,0.002872877622216907,0.017688102525966927,0.28078992268993136
2017-08-24,20.04232406616211,25.5049991607666,25.93600082397461,25.11000061035156,25.867000579833984,52119000,-0.007278512135057591,-0.007305129740864133,0.006523375910170026,0.010967171947148194,0.1740984573470288
2017-08-25,19.298940658569336,24.55900001525879,25.440000534057617,24.37800025939941,25.225000381469727,69099000,-0.03709067896211915,-0.03779603461047921,-0.002854711257453446,0.021981946897541547,0.34895258894353653
2017-08-28,19.11506080627441,24.325000762939453,24.763999938964844,24.25,24.70400047302246,34174000,-0.009527976459851817,-0.009573658027735176,-0.004960794444181138,0.022024423274948062,0.3496268805308119
2017-08-29,18.99561309814453,24.17300033569336,24.45800018310547,24.00300025939941,24.128999710083008,33536000,-0.006248879317750866,-0.006268485283666117,-0.010673361710028927,0.016084782048687397,0.25533799916101724
2017-08-30,19.332733154296875,24.60199928283692,24.63400077819824,24.08799934387207,24.1560001373291,21924000,0.017747258507032404,0.017591614717178176,-0.008479757673549405,0.019454817953551383,0.30883566064278906
2017-08-31,19.808151245117188,25.207000732421875,25.25300025939941,24.55500030517578,24.66200065612793,29491000,0.02459135431218873,0.024293854377065865,-0.00210578438410014,0.024510597432945834,0.389093671759157
2017-09-01,19.860015869140625,25.27300071716309,25.53400039672852,25.229999542236328,25.232999801635746,23242000,0.0026183475369121467,0.002614925636847692,0.005836020915706119,0.014883638355183804,0.23627043414983268
2017-09-05,19.570837020874023,24.905000686645508,25.27300071716309,24.70199966430664,25.011999130249023,24306000,-0.0145608568579213,-0.014667906561886858,0.004829444836092223,0.016286535798685706,0.2585407406524386
2017-09-06,19.59676551818848,24.9379997253418,25.131000518798828,24.770000457763672,25.06100082397461,13996000,0.0013248537753802747,0.0013239769309921602,0.006344191454718451,0.01532225178571581,0.24323320650311622
2017-09-07,19.374380111694336,24.655000686645508,25.0,24.613000869750977,24.97900009155273,16088000,-0.011348066918887234,-0.011412947543743387,0.0005251263695345232,0.015433438331835716,0.24499823820413313
2017-09-08,19.18263816833496,24.410999298095703,24.63999938964844,24.309999465942383,24.59199905395508,18094000,-0.009896675003482569,-0.009945972616182606,-0.006372479493599736,0.007815207262533312,0.12406256916653413
2017-09-11,19.4678955078125,24.77400016784668,24.823999404907227,24.60099983215332,24.70800018310547,16878000,0.014870600017281133,0.014761116698803874,-0.00392202899752594,0.01209048982123859,0.19193057577573053
2017-09-12,19.420743942260746,24.714000701904297,24.974000930786133,24.549999237060547,24.965999603271484,18396000,-0.0024220165725068465,-0.002424954399247635,-0.0014942609404430484,0.010539388820124045,0.1673076107319761
2017-09-13,19.35002326965332,24.624000549316406,24.791000366210938,24.51499938964844,24.582000732421875,29664000,-0.003641501727105978,-0.003648148134695964,-0.002487532040940299,0.010440847243238273,0.16574331169453668
2017-09-14,19.405807495117188,24.69499969482422,24.7509994506836,24.323999404907227,24.46199989318848,28645000,0.002882902241846619,0.0028787546486702485,0.00035866179120647157,0.00929883801932011,0.14761447728596067
2017-09-15,19.688705444335938,25.05500030517578,25.11899948120117,24.51099967956543,24.76300048828125,50066000,0.014578004511790255,0.014472766940287953,0.005253597694261036,0.008987343061161987,0.14266964812233948
2017-09-18,19.711589813232425,24.98200035095215,25.28300094604492,24.86100006103516,25.104999542236328,25743000,0.0011623094754089625,0.001161634516707286,0.002511939585886602,0.007241508836021906,0.11495538898194466
2017-09-19,19.70685386657715,24.97599983215332,25.184999465942383,24.83300018310547,25.117000579833984,22088000,-0.0002402620336640071,-0.00024029090121036015,0.0029482904936551702,0.00692886139089406,0.10999226465485669
2017-09-20,19.166370391845703,24.291000366210938,24.988000869750977,23.785999298095703,24.974000930786133,57010000,-0.027426167484202346,-0.027809286046610024,-0.0018086426577641034,0.015476407461014316,0.24568035198329063
2017-09-21,18.96674537658692,24.038000106811523,24.270000457763672,23.81800079345703,24.246000289916992,28620000,-0.010415379186437534,-0.01046999883548915,-0.004468298943420934,0.01561067914872001,0.24781184894600783
2017-09-22,18.876792907714844,23.92399978637696,24.075000762939453,23.812000274658203,23.833999633789062,23100000,-0.0047426412431896825,-0.004753923251315516,-0.008332428094416922,0.011591261060047504,0.1840055648790757
2017-09-25,18.58248710632324,23.551000595092773,23.7810001373291,23.152999877929688,23.7189998626709,38692000,-0.015590879384565604,-0.01571369535635499,-0.011683065866411834,0.010533642984085524,0.16721639841258362
2017-09-26,18.721355438232425,23.72699928283692,23.9950008392334,23.5310001373291,23.788000106811523,39010000,0.007473075649918393,0.007445290560934132,-0.010140398329695354,0.012922378076997134,0.20513639243572496
2017-09-27,18.98252487182617,24.058000564575195,24.26700019836425,23.857999801635746,23.950000762939453,26489000,0.013950348544763402,0.013853938037935033,-0.0018650951239022051,0.01231984653543534,0.19557150073945564
2017-09-28,19.168739318847656,24.29400062561035,24.336000442504883,23.950000762939453,23.951000213623047,21932000,0.009809782854433013,0.00976197930863747,0.0021799372842719045,0.012129493569083893,0.19254974107771938
2017-09-29,19.13717269897461,24.253999710083008,24.42799949645996,24.150999069213867,24.29400062561035,17319000,-0.001646776000652772,-0.0016481334267067229,0.0027991103327792864,0.011761199149597239,0.18670324841843186
2017-10-02,18.973848342895508,24.04700088500977,24.5310001373291,23.975000381469727,24.5310001373291,19431000,-0.008534403626291764,-0.008571030188381984,0.004210405484434054,0.009132377409209141,0.14497199702131042
2017-10-03,18.89730834960937,23.950000762939453,24.09499931335449,23.78899955749512,24.007999420166016,25611000,-0.004033973071930652,-0.004042131489251917,0.0019089957400642455,0.009545202927274996,0.15152539895529232
2017-10-04,19.094566345214844,24.200000762939453,24.232999801635746,23.7509994506836,23.87800025939941,23271000,0.010438417575461267,0.010384313476472552,0.0012066095462038185,0.008510783209313333,0.13510449500536353
2017-10-05,19.22633552551269,24.367000579833984,24.573999404907227,24.23699951171875,24.32699966430664,22811000,0.006900873154988885,0.006877171110561661,0.0006248276063149927,0.007849385633454404,0.12460513398458131
2017-10-06,19.389663696289062,24.573999404907227,24.575000762939453,24.030000686645508,24.030000686645508,17489000,0.008495023430733273,0.008459143774999496,0.002653187492592202,0.008406247669396426,0.13344504475463553
2017-10-09,19.443321228027344,24.64200019836425,24.725000381469727,24.53899955749512,24.600000381469727,16551000,0.002767326580736418,0.0027635045820562127,0.0049135335339978384,0.005743801247226264,0.09118001808205992
2017-10-10,19.409393310546875,24.599000930786133,24.81599998474121,24.304000854492188,24.75300025939941,15348000,-0.0017449651262029242,-0.001746489351253208,0.005371335123143384,0.004878391885144951,0.07744207035605469
2017-10-11,19.75735282897949,25.040000915527344,25.117000579833984,24.513999938964844,24.520999908447266,26603000,0.017927377371632414,0.017768577048874478,0.006869127082377613,0.007347734313067409,0.11664166615291426
2017-10-12,19.62637710571289,24.874000549316406,25.12800025939941,24.827999114990234,25.04199981689453,20067000,-0.006629214166509523,-0.006651285002350642,0.004163109618077932,0.009507212449168785,0.15092231881174747
2017-10-13,19.56482696533203,24.79599952697754,25.083999633789062,24.746999740600582,25.01499938964844,15257000,-0.0031360928229052787,-0.003141020667484616,0.0018368863673502212,0.00960474700535586,0.15247063189118382
2017-10-16,19.463043212890625,24.66699981689453,24.94700050354004,24.562000274658203,24.857999801635746,14899000,-0.005202384494468637,-0.005215964014413797,0.00024294415230921018,0.010062144608612095,0.15973159374214171
2017-10-17,19.14348602294922,24.261999130249023,24.5939998626709,24.233999252319336,24.583999633789062,26965000,-0.016418665182316383,-0.016554945215351242,-0.0026917958589134814,0.01260536556541714,0.20010397482690506
2017-10-18,19.25237464904785,24.39999961853028,24.461000442504883,23.979999542236328,24.33300018310547,19905000,0.00568802494843923,0.005671909216775461,-0.005139666343552118,0.007916623438301717,0.12567250104654862
2017-10-19,19.2752628326416,24.429000854492188,24.437000274658203,23.836000442504883,24.082000732421875,25844000,0.0011888498957131066,0.0011881437732694906,-0.0035760535311075924,0.00831111675097029,0.13193488824174315
2017-10-20,19.271316528320312,24.42399978637696,24.700000762939453,24.3759994506836,24.69599914550781,23548000,-0.0002047341380272405,-0.00020475509892186664,-0.002989781794131985,0.008452104809906104,0.13417300429238646
2017-10-23,19.27367401123047,24.427000045776367,24.565000534057617,24.270999908447266,24.51799964904785,23418000,0.00012233118099080897,0.00012232369914205705,-0.0019248386590400956,0.00843906718669258,0.13396603844012436
2017-10-24,19.5427303314209,24.76799964904785,24.81399917602539,24.410999298095703,24.506999969482425,22887000,0.013959783694258432,0.013863243331443953,0.004150851116274867,0.005969748920951294,0.09476682620599987
2017-10-25,19.395977020263672,24.582000732421875,24.89299964904785,24.42300033569336,24.58799934387207,20955000,-0.0075093555848373406,-0.007537692747171229,0.0015113750096195533,0.007767157701681258,0.12329980603481172
2017-10-26,19.233434677124023,24.3759994506836,24.78499984741211,24.3759994506836,24.72699928283692,24446000,-0.008380209100569358,-0.008415520469009612,-0.00040243678963693965,0.008954621583240134,0.1421502107636692
2017-10-27,19.9546127319336,25.290000915527344,25.29899978637696,24.27899932861328,24.457000732421875,44753000,0.037496061775556644,0.0368101772365304,0.007137722393079837,0.019188069831604395,0.30460116548259747
2017-10-30,20.61187171936035,26.12299919128418,26.21999931335449,25.32699966430664,25.32999992370605,50202000,0.032937696975443354,0.03240687561333482,0.013700795551970346,0.0216435984969997,0.34358147459755534
2017-10-31,20.823331832885746,26.391000747680664,26.670000076293945,26.1299991607666,26.25,32845000,0.010259141741444822,0.0102068739248086,0.012960667161407624,0.021695739095029604,0.34440918093113926
2017-11-01,20.45880126953125,25.929000854492188,26.56399917602539,25.68899917602539,26.42399978637696,27333000,-0.017505871119952165,-0.01766091095118309,0.01096136405438466,0.024351706503689844,0.3865713564527852
2017-11-02,20.475372314453125,25.950000762939453,26.464000701904297,24.886999130249023,26.21699905395508,67196000,0.0008099714496252464,0.0008096435997713791,0.01279940016442358,0.022825889219074753,0.3623497579654928
2017-11-03,21.59027671813965,27.363000869750977,27.799999237060547,25.711000442504883,26.402999877929688,120503000,0.0544509953989718,0.05302024797345702,0.016190386889106612,0.028069205593402695,0.44558482499572033
2017-11-06,21.8972110748291,27.75200080871582,28.18000030517578,27.00300025939941,27.82999992370605,78088000,0.014216323426349264,0.014116219128326979,0.012446112179287793,0.026480406796785472,0.4203634260007132
2017-11-07,21.408002853393555,27.131999969482425,27.450000762939453,26.753999710083008,27.253999710083008,36789000,-0.022341120052402186,-0.02259446329953766,0.005926059820518392,0.03081258285722339,0.4891345889507107
2017-11-08,21.493221282958984,27.239999771118164,27.381999969482425,26.724000930786133,26.933000564575195,30254000,0.003980680970057104,0.003972779022710498,0.010223370238520246,0.028107186698700975,0.44618775635055197
2017-11-09,20.959836959838867,26.56399917602539,27.040000915527344,26.25,26.86400032043457,30980000,-0.02481639750961917,-0.025129515465894352,0.005098096446671363,0.03227958668547449,0.5124225527623034
2017-11-10,20.90618324279785,26.496000289916992,26.66399955749512,26.36000061035156,26.57900047302246,20338000,-0.002559834656339244,-0.0025631166351516234,-0.006304069564390846,0.016887681837685815,0.2680836381773935
2017-11-13,20.910131454467773,26.5009994506836,26.597999572753903,26.155000686645508,26.25,28064000,0.00018885377708932616,0.00018883594645965155,-0.009109563494242834,0.013439612489534,0.21334723418630777
2017-11-14,20.772050857543945,26.326000213623047,26.558000564575195,26.1259994506836,26.32999992370605,19718000,-0.006603526009604566,-0.006625425751067564,-0.00596204468568331,0.011226803832200153,0.17821998574865117
2017-11-15,20.95668029785156,26.559999465942383,26.700000762939453,25.80299949645996,26.229999542236328,29032000,0.008888358765045012,0.008849089823695276,-0.004980509126685728,0.012460177828416193,0.1977991909537805
2017-11-16,21.4703369140625,27.211000442504883,27.46500015258789,26.61100006103516,26.68000030517578,31000000,0.0245103999732057,0.024214839912453903,0.004884850369879246,0.012355654451288296,0.1961399337813423
2017-11-17,21.45062065124512,27.18600082397461,27.211000442504883,26.843000411987305,27.177000045776367,24069000,-0.0009183024419363583,-0.0009187243399302053,0.005213156812759823,0.012128098671000107,0.1925275977571155
2017-11-20,21.68890190124512,27.488000869750977,27.674999237060547,27.138999938964844,27.261999130249023,28639000,0.011108361565574043,0.011047116852136642,0.007397058370456766,0.01197941773949029,0.1901673611402811
2017-11-21,21.82382583618164,27.65900039672852,27.82099914550781,27.49099922180176,27.61000061035156,20903000,0.0062208744154435,0.006201604651426136,0.00996193845546638,0.009307252467421276,0.14774805250853393
2017-11-22,21.72756576538086,27.53700065612793,27.770999908447266,27.41699981689453,27.70199966430664,18642000,-0.004410778913071733,-0.004420535097198882,0.00730211091984303,0.011363855118061478,0.18039560746415528
2017-11-24,22.280675888061523,28.238000869750977,28.29899978637696,27.650999069213867,27.66699981689453,11572000,0.02545660791702442,0.025137984536121528,0.0074913525086067745,0.011724230249350764,0.1861163853206575
2017-11-27,22.45741844177246,28.46199989318848,28.56800079345703,27.97699928283692,28.025999069213867,26230000,0.007932549021353541,0.00790125175680555,0.009261522801264754,0.01076609427101801,0.1709064481955453
2017-11-28,21.887739181518555,27.739999771118164,28.489999771118164,27.68400001525879,28.48600006103516,26796000,-0.02536708579086988,-0.025694377124595606,0.0019664333299759694,0.018663287565734158,0.29627050527489973
2017-11-29,21.422212600708008,27.14999961853028,27.81399917602539,26.48699951171875,27.799999237060547,47231000,-0.021268828952586638,-0.021498269617049967,-0.003531507343630058,0.02099948569121666,0.33335650079531154
2017-11-30,21.93034553527832,27.79400062561035,27.834999084472656,27.00900077819824,27.17799949645996,31452000,0.023719909051482357,0.02344296288525842,0.00209463024928076,0.024225570443013336,0.38456900856534076
2017-12-01,21.426944732666016,27.1560001373291,27.551000595092773,26.405000686645508,27.520999908447266,47729000,-0.02295453128189462,-0.02322208890445033,-0.007587597590503048,0.022138562884235193,0.3514387906563069
2017-12-04,20.79966354370117,26.36100006103516,27.45199966430664,26.013999938964844,27.391000747680664,48439000,-0.02927534451556868,-0.029712418891013486,-0.015029176297887492,0.021869281045899323,0.3471640739953688
2017-12-05,20.6450138092041,26.165000915527344,26.61199951171875,26.045000076293945,26.266000747680664,38117000,-0.007435203659527434,-0.007462982566465978,-0.011442799871619003,0.021210536192248417,0.3367068236341452
2017-12-06,20.821760177612305,26.388999938964844,26.441999435424805,25.420000076293945,25.882999420166016,48751000,0.008561213377799026,0.00852477401959222,-0.00547679140554187,0.021938498101209385,0.3482628606843766
2017-12-07,20.821760177612305,26.388999938964844,27.56999969482422,26.16699981689453,27.48900032043457,79282000,0.0,0.0,-0.010220773215838341,0.01573381632970503,0.24976659109419927
2017-12-08,20.50772285461425,25.99099922180176,26.694000244140625,25.93000030517578,26.57699966430664,41848000,-0.015082169822304925,-0.015197062429180806,-0.008646300923920403,0.014485351848315554,0.22994783186347661
2017-12-11,20.510875701904297,25.9950008392334,26.354999542236328,25.878999710083008,25.93400001525879,34941000,0.00015373951132446884,0.00015372769461691207,-0.002760484118541773,0.008915867140965995,0.14153500306493091
2017-12-12,20.412254333496094,25.8700008392334,26.08799934387207,25.57200050354004,25.93600082397461,28541000,-0.004808247577603231,-0.004819844388478816,-0.002235092902156932,0.008644809139702727,0.13723209069162987
2017-12-13,20.67499732971192,26.202999114990234,26.32900047302246,26.01799964904785,26.041000366210938,26943000,0.012871826498098926,0.012789688631409194,-0.0013729702780969522,0.010085551641186779,0.16010316886487733
2017-12-14,20.462745666503903,25.93400001525879,26.299999237060547,25.670000076293945,26.233999252319336,37595000,-0.010266103536709648,-0.010319163435620029,-0.0034261909854388815,0.010758689546522362,0.17078890183829068
2017-12-15,20.96693420410156,26.57299995422364,26.600000381469727,25.826000213623047,26.165000915527344,45091000,0.0246393395009048,0.024340686770187553,0.004518110879203063,0.014135505838892443,0.22439419863486515
2017-12-18,20.9995059967041,26.43899917602539,26.650999069213867,26.25900077819824,26.40800094604492,29786000,0.0015534837990844874,0.0015522783913535872,0.004798059736755067,0.01404100709314186,0.22289407755208376
2017-12-19,20.944700241088867,26.3700008392334,26.52899932861328,26.12700080871582,26.32999992370605,19094000,-0.0026098592806819143,-0.002613270900605797,0.005237737396139331,0.01369515482286384,0.21740384296694734
2017-12-20,21.09878730773925,26.56399917602539,26.63500022888184,26.277999877929688,26.61400032043457,19845000,0.007356852324298169,0.007329922683838929,0.004134742561379179,0.013137326650839129,0.20854859526204847
2017-12-21,20.77234649658203,26.152999877929688,26.625,26.10700035095215,26.59499931335449,17758000,-0.015472017722908515,-0.015592958475906284,0.003093559724139405,0.01467972903466937,0.23303347403729655
2017-12-22,20.837474822998047,26.23500061035156,26.33699989318848,25.8700008392334,26.18199920654297,14617000,0.0031353379564862394,0.003130433034154066,-0.0012072405847443068,0.00873605289694112,0.1386805404336695
2017-12-26,20.499914169311523,25.809999465942383,26.23500061035156,25.339000701904297,25.722999572753903,22256000,-0.016199691016013262,-0.016332340548994573,-0.004757875547763857,0.010716709015366125,0.17012248156621587
2017-12-27,20.5809326171875,25.91200065612793,26.160999298095703,25.850000381469727,25.88400077819824,35615000,0.003952135955635372,0.003944346782166355,-0.0034454765005003996,0.01142398549860694,0.1813501476631331
2017-12-28,20.684181213378903,26.04199981689453,26.07999992370605,25.854999542236328,26.016000747680664,13641000,0.0050167112497701005,0.005004169482017579,-0.003913504715406013,0.010907025718791787,0.17314366557185148
2017-12-29,20.40460586547852,25.690000534057617,26.19499969482422,25.66399955749512,25.97699928283692,17980000,-0.013516384575065987,-0.013608562451176602,-0.0035223780858375077,0.010412780831437544,0.16529777121962472
2018-01-02,21.207603454589844,26.701000213623047,26.75,25.756999969482425,25.97699928283692,33135000,0.03935374171916117,0.03859911780980405,0.003721302666697479,0.02216633670108443,0.3518796863303597
2018-01-03,21.43952369689941,26.99300003051757,27.07299995422364,26.60300064086914,26.72900009155273,31161000,0.010935711939642712,0.01087634943058227,0.009148383257828675,0.019191935963583526,0.3046625384251127
2018-01-04,21.44667053222656,27.00200080871582,27.176000595092773,26.843000411987305,27.15900039672852,19067000,0.00033334860550948697,0.00033329305720737926,0.008424625787803498,0.019502604631433933,0.3095942506367441
2018-01-05,21.57375907897949,27.16200065612793,27.426000595092773,26.94499969482422,27.19700050354004,28633000,0.00592579377586655,0.005908305314596439,0.008606442293022787,0.01946709623542764,0.3090305723250194
2018-01-08,21.625377655029297,27.22699928283692,27.2549991607666,26.9060001373291,27.09199905395508,20971000,0.002392655626719309,0.0023897977838933217,0.011788250333379846,0.015925164892616504,0.2528041553613594
2018-01-09,21.325946807861328,26.850000381469727,27.38500022888184,26.819000244140625,27.30599975585937,26027000,-0.013846271355096196,-0.01394302512785375,0.0011482477185283725,0.009296069277727442,0.14757052487576786
2018-01-10,20.875600814819336,26.28300094604492,26.61400032043457,26.07299995422364,26.597999572753903,31607000,-0.021117280142327943,-0.02134343948301227,-0.005262350697865759,0.011620542487625436,0.18447039313150065
2018-01-11,20.92881774902344,26.350000381469727,26.38500022888184,26.155000686645508,26.35700035095215,17726000,0.002549240842272038,0.0025459970394895726,-0.004819172250513248,0.011925551421653436,0.18931225985404662
2018-01-12,20.991567611694336,26.429000854492188,26.53199958801269,26.201000213623047,26.339000701904297,19881000,0.0029982516654014635,0.0029937658729965806,-0.005404680672606266,0.011322751742104821,0.17974311159919626
2018-01-16,20.90896415710449,26.325000762939453,26.700000762939453,26.166000366210938,26.51799964904785,33528000,-0.003935077937858633,-0.003942840728530153,-0.006670227385521854,0.010561392716797477,0.16765691176280967
2018-01-17,21.112285614013672,26.58099937438965,26.652999877929688,26.04599952697754,26.54800033569336,37365000,0.009724128626434014,0.009677153569823755,-0.001956147389215812,0.011750942679305746,0.1865404320001082
2018-01-18,21.42920112609864,26.979999542236328,27.006000518798828,26.44799995422364,26.54599952697754,30319000,0.015010952290007262,0.014899402869039038,0.005269499097251229,0.007280491789959251,0.11557422419087807
2018-01-19,21.158348083496094,26.638999938964844,26.944000244140625,26.60700035095215,26.915000915527344,29963000,-0.012639437233741502,-0.012719994438854762,0.002231763482048521,0.010945469953467847,0.17375394887763385
2018-01-22,20.81841468811035,26.211000442504883,26.677000045776367,26.062000274658203,26.565000534057617,27230000,-0.016066159515113365,-0.016196619469863113,-0.0015811187540544446,0.013608355679066883,0.21602594927594684
2018-01-23,20.881160736083984,26.290000915527344,26.44099998474121,25.81100082397461,26.17399978637696,35398000,0.003013968590483973,0.0030094356928751717,-0.00019130944838592346,0.01366258789071707,0.21688685894639934
2018-01-24,20.401426315307617,25.68600082397461,26.32699966430664,25.600000381469727,26.097000122070312,45405000,-0.02297450926410216,-0.02324253645484412,-0.006731037026493159,0.01544007228880629,0.24510354900624778
2018-01-25,19.641319274902344,24.72900009155273,25.78400039672852,24.700000762939453,25.77400016784668,59520000,-0.037257544088226235,-0.03796934229624269,-0.017184736302139857,0.014716807741127094,0.23362208025463516
2018-01-26,19.919307708740234,25.07900047302246,25.09499931335449,24.52400016784668,24.941999435424805,49014000,0.014153246528256558,0.01405402444837578,-0.011826199549740245,0.02051936624252894,0.3257348408303127
2018-01-29,19.49675941467285,24.54700088500977,24.948999404907227,24.349000930786133,24.827999114990234,50401000,-0.02121300098607226,-0.021441230078532922,-0.012855567843932025,0.02091060944384373,0.33194563410725497
2018-01-30,19.14013671875,24.097999572753903,24.50300025939941,23.701000213623047,24.125,46002000,-0.018291383113363202,-0.018460738807019195,-0.01711663818470146,0.018946877368098584,0.3007723538233611
2018-01-31,19.70008659362793,24.80299949645996,25.31399917602539,24.48600006103516,25.0,80482000,0.029255270383172993,0.028835502260229955,-0.00667068225524643,0.02741525999443974,0.4352037604407934
2018-02-01,18.96619033813477,23.878999710083008,24.59000015258789,23.809999465942383,24.17200088500977,66851000,-0.03725345327824814,-0.03796509318344848,-0.00666986409325081,0.027414119015388417,0.4351856479598678
2018-02-02,18.70329093933105,23.54800033569336,23.79599952697754,23.40900039672852,23.677000045776367,58352000,-0.013861476349054325,-0.013958443729169788,-0.012272808668712987,0.024835901920724098,0.39425772040936424
2018-02-05,18.11712455749512,22.809999465942383,24.39999961853028,22.76000022888184,23.468000411987305,70776000,-0.031340280367626816,-0.031841895294834215,-0.014298264545023897,0.02612669696711778,0.4147484565272348
2018-02-06,19.09248161315918,24.038000106811523,24.040000915527344,22.489999771118164,22.562000274658203,77744000,0.05383619528412131,0.052437025597497675,0.0001272511344730054,0.03973757442540353,0.6308144378072288
2018-02-07,18.85420227050781,23.738000869750977,24.309999465942383,23.700000762939453,23.8759994506836,40475000,-0.012480270898212686,-0.012558803569181452,-0.00821985712180413,0.036326423957292804,0.5766641028677736
2018-02-08,18.23388862609864,22.957000732421875,23.85199928283692,22.951000213623047,23.73900032043457,43200000,-0.03290055105537282,-0.03345394606123568,-0.007349276677229066,0.035499414452264344,0.563535733974622
2018-02-09,18.704879760742188,23.549999237060547,23.71199989318848,22.625,23.27899932861328,43282000,0.025830536990853803,0.025502564481839483,0.0005891259907525592,0.03802707526126098,0.6036611053705986
2018-02-12,19.41176986694336,24.440000534057617,24.54800033569336,23.75,23.785999298095703,35063000,0.03779174820919162,0.03709513668573374,0.014415531706116248,0.03603100902765075,0.5719745362433225
2018-02-13,19.527734756469727,24.586000442504883,24.60300064086914,24.006000518798828,24.10099983215332,23719000,0.00597394726607825,0.005956173992382497,0.004843082102507635,0.028513361429610945,0.45263558031151013
2018-02-14,19.670703887939453,24.766000747680664,24.864999771118164,24.347999572753903,24.5,25491000,0.007321337228956448,0.007294666338155975,0.008803403727941462,0.026831276397435475,0.4259333082363079
2018-02-15,20.00191307067871,25.183000564575195,25.18400001525879,24.44300079345703,24.92799949645996,25540000,0.01683768840332811,0.016697505905766418,0.018751051619681647,0.013324985602698878,0.2115275887695441
2018-02-16,19.768394470214844,24.888999938964844,25.23699951171875,24.804000854492188,25.12700080871582,32639000,-0.011674813286044472,-0.011743499037598056,0.011249981564301991,0.018058964861743996,0.2866771797565713
2018-02-20,19.82638359069824,24.96199989318848,25.573999404907227,24.75200080871582,24.875,41693000,0.00293342590723622,0.0029291318090226208,0.004278317103910911,0.010322112697199065,0.16385845920942532
2018-02-21,19.7469482421875,24.86199951171875,25.347000122070312,24.84499931335449,25.249000549316406,28156000,-0.004006547545463923,-0.004014595259973837,0.0022822181416024766,0.010863077457719767,0.17244600855574965
2018-02-22,19.80493354797364,24.934999465942383,25.309999465942383,24.82699966430664,24.91200065612793,19342000,0.002936418583518563,0.002932115727735557,0.0014052344125148996,0.0105263426951853,0.1671005099190101
2018-02-23,20.15122604370117,25.371000289916992,25.50300025939941,25.02899932861328,25.214000701904297,18280000,0.017485163224037148,0.017334056630302578,0.0015347293766567072,0.010764933718122583,0.17088802498947747
2018-02-26,20.09086799621582,25.295000076293945,25.444000244140625,25.100000381469727,25.19599914550781,28878000,-0.0029952543509983443,-0.002999749102839127,0.0032706411636659327,0.008580457131994767,0.13621053423905205
2018-02-27,20.000320434570312,25.18099975585937,25.566999435424805,25.167999267578125,25.208999633789062,21176000,-0.004506901427183907,-0.0045170881259086896,0.0017825756967819073,0.009270945728870513,0.14717170090180698
2018-02-28,19.57539367675781,24.645999908447266,25.448999404907227,24.597999572753903,25.40800094604492,28834000,-0.02124599749302125,-0.021474942278610958,-0.0016653142927295582,0.013974648896984784,0.221840673845189
2018-03-01,19.3252010345459,24.33099937438965,24.91200065612793,24.131000518798828,24.586000442504883,26044000,-0.012780976277834366,-0.012863355633616215,-0.004808793265000144,0.0144407231712371,0.22923937357812824
2018-03-02,19.92566299438477,25.08699989318848,25.11800003051757,24.02300071716309,24.042999267578125,27402000,0.031071447006707942,0.03059850137937024,-0.002091536508465985,0.019922296977563723,0.3162566600868441
2018-03-05,19.61670112609864,24.69799995422364,25.13400077819824,24.34199905395508,24.989999771118164,25900000,-0.015505725875881615,-0.015627196944127564,-0.004593630813442639,0.02082914459561392,0.33065241973319676
2018-03-06,19.932811737060547,25.09600067138672,25.1299991607666,24.73200035095215,24.93099975585937,30030000,0.016114361376559083,0.015985903231841632,-0.00046937825269404153,0.02279900864604915,0.3619230420975449
2018-03-07,19.622255325317383,24.70499992370605,24.940000534057617,24.433000564575195,24.86899948120117,31549000,-0.015580160784128383,-0.015702807056095284,0.0006637890890845322,0.02161843357821569,0.3431819938963616
2018-03-08,19.61431121826172,24.69499969482422,24.82999992370605,24.59199905395508,24.826000213623047,33554000,-0.0004048518849621985,-0.0004049338596123849,0.0031390139676589655,0.02036647532260575,0.3233077727192928
2018-03-09,20.15679359436035,25.37800025939941,25.42799949645996,24.76300048828125,24.857999801635746,30782000,0.02765747774989724,0.02728191866160795,0.0024562201162968257,0.01922092922966994,0.30512279225567374
2018-03-12,20.876394271850582,26.28400039672852,26.43000030517578,25.96199989318848,26.065000534057617,53881000,0.03570015608492261,0.03507767731744733,0.01269739650845767,0.020832041349753243,0.3306984042795684
2018-03-13,20.74772071838379,26.121999740600582,27.38500022888184,26.02300071716309,26.64299964904785,66855000,-0.006163590886013037,-0.006182664226216718,0.008241806055943246,0.022252502962437564,0.35324753332402725
2018-03-14,20.697683334350582,26.05900001525879,26.233999252319336,25.51499938964844,26.200000762939453,39619000,-0.0024117051078710317,-0.0024146179528592255,0.010875497191194716,0.019313370390623842,0.3065902501924145
2018-03-15,21.26717567443848,26.775999069213867,26.88999938964844,26.350000381469727,26.37299919128418,57990000,0.027514786601394503,0.027143058137643977,0.016459424888466058,0.01927267195756965,0.30594418259674605
2018-03-16,20.24336814880371,25.48699951171875,26.36000061035156,25.44099998474121,26.299999237060547,113955000,-0.0481402674857907,-0.049337594842344436,0.0012998758413284683,0.03310743031380838,0.5255641629524286
2018-03-19,19.45545768737793,24.4950008392334,25.64900016784668,24.277000427246094,25.309999465942383,71267000,-0.038921905467215634,-0.03969960949173409,-0.01362453646909918,0.030434888551919417,0.48313887773007297
2018-03-20,19.249744415283203,24.23600006103516,24.80500030517578,24.12800025939941,24.51000022888184,61918000,-0.010573550897658213,-0.010629848079348303,-0.014506528471428215,0.030227814257623428,0.4798516752163447
2018-03-21,19.825159072875977,24.600000381469727,25.05900001525879,24.006000518798828,24.058000564575195,54912000,0.0298920674051093,0.02945400782372285,-0.008045773968832149,0.03630126319796564,0.5762646881959101
2018-03-22,19.62932777404785,24.35700035095215,24.67200088500977,24.14999961853028,24.202999114990234,43078000,-0.009877918159862498,-0.009927028466131934,-0.015524314921083549,0.03053803877734848,0.4847763367950663
2018-03-23,19.541481018066406,24.24799919128418,24.52199935913086,24.041000366210938,24.33799934387207,59070000,-0.0044752809160173435,-0.004485324963481107,-0.006791317607128877,0.024531825399781937,0.3894306552856841
2018-03-26,19.96457862854004,24.77300071716309,24.882999420166016,24.051000595092773,24.76700019836425,48713000,0.021651256119353146,0.021420196873207953,0.005323314710184879,0.01903960065767297,0.302244290413107
2018-03-27,19.693798065185547,24.437000274658203,25.424999237060547,24.15999984741211,24.808000564575195,63917000,-0.013563049258019544,-0.013655867632908193,0.004725415038112612,0.019699127902720645,0.31271396085271325
2018-03-28,19.074058532714844,23.667999267578125,24.69300079345703,23.559999465942383,24.40800094604492,41744000,-0.031468766482696475,-0.03197454728254783,-0.007546751739448543,0.01920840023290348,0.30492390059794666
2018-03-29,18.99104690551757,23.565000534057617,24.083999633789062,23.47599983215332,23.80900001525879,46874000,-0.0043520694379172165,-0.0043615672589151205,-0.006441581995059486,0.019199708430976976,0.3047859225198913
2018-04-02,18.348745346069336,22.76799964904785,23.61199951171875,22.54400062561035,23.395000457763672,53088000,-0.0338212823465579,-0.03440645395865638,-0.012310782281167599,0.022627744622201382,0.3592043100037443
2018-04-03,19.08211135864257,23.67799949645996,23.69799995422364,22.72100067138672,23.086000442504883,45569000,0.03996818304148175,0.03919011945595444,-0.008647396896741877,0.029835496925912187,0.4736238306479744
2018-04-04,19.09903717041016,23.698999404907227,23.79199981689453,22.950000762939453,23.0049991607666,37720000,0.0008869988990984901,0.0008866057480408497,-0.00575738726531827,0.029939972419704485,0.47528232769602496
2018-04-05,19.044239044189453,23.631000518798828,24.167999267578125,23.5,24.076000213623047,35798000,-0.0028691564779822487,-0.002873280397432203,-3.7465264375424745e-05,0.026312008243895974,0.4176901818481806
2018-04-06,18.44464874267578,22.886999130249023,23.65399932861328,22.775999069213867,23.37299919128418,30248000,-0.03148407768472172,-0.03199035608924566,-0.005463866913736326,0.029968031135476678,0.47572774600027135
2018-04-09,18.91771125793457,23.474000930786133,23.965999603271484,22.926000595092773,22.99799919128418,37494000,0.02564768361049108,0.025324299483448852,0.00642992627767347,0.027607994965858158,0.43826333326070305
2018-04-10,19.32147026062012,23.975000381469727,24.1560001373291,23.766000747680664,23.95599937438965,33244000,0.021342909677628308,0.021118339482493503,0.002704871604902781,0.02278710046109388,0.361734005521798
2018-04-11,19.367406845092773,24.03199958801269,24.07200050354004,23.70800018310547,23.812000274658203,19922000,0.0023774890757810585,0.002374667320205386,0.0030029696402392946,0.022767114417776183,0.3614167369199333
2018-04-12,19.2956771850586,23.94300079345703,24.263999938964844,23.709999084472656,24.14299964904785,41036000,-0.003703627471033699,-0.0037105028804757497,0.0028360754416290046,0.02282390910287628,0.3623183245953238
2018-04-13,19.90091323852539,24.694000244140625,25.200000762939453,24.489999771118164,25.0,48312000,0.03136640645789046,0.030884531285869477,0.015406172270151442,0.015246257842783729,0.2420268400582431
2018-04-16,20.09674453735352,24.937000274658203,24.98900032043457,24.56800079345703,24.90900039672852,25172000,0.009840317199565796,0.009792216571155659,0.012244698987966384,0.014194269392937997,0.2253270411358182
2018-04-17,20.28774642944336,25.17399978637696,25.28499984741211,24.964000701904297,25.089000701904297,25084000,0.009504121014964673,0.009459240996166945,0.009876941255433657,0.013253405985537888,0.21039129757384897
2018-04-18,20.114473342895508,24.958999633789062,25.16699981689453,24.746000289916992,25.100000381469727,20511000,-0.00854077544543752,-0.00857745687594828,0.007693288351189942,0.015505965677099562,0.24614957411705227
2018-04-19,19.572105407714844,24.285999298095703,24.62800025939941,24.06599998474121,24.35400009155273,50141000,-0.026964063435060304,-0.027334263701250694,0.003041201158384621,0.021936115498461053,0.34822503803830573
2018-04-20,19.109516143798828,23.71199989318848,24.15999984741211,23.5009994506836,24.121999740600582,41530000,-0.023635130420546102,-0.02391892064824541,-0.007959106217302692,0.017528892236099734,0.27826253769102477
2018-04-23,18.813751220703125,23.34499931335449,23.832000732421875,23.21199989318848,23.79899978637696,31337000,-0.015477363260800403,-0.015598388034537511,-0.013022642309375932,0.01449617172152431,0.2301195920258423
2018-04-24,18.405967712402344,22.839000701904297,23.61199951171875,22.66900062561035,23.573999404907227,44889000,-0.021674758187088528,-0.021913106141593423,-0.01925841814978657,0.007306427306675736,0.11598593775501273
2018-04-25,18.455127716064453,22.89999961853028,23.11000061035156,22.586000442504883,22.89999961853028,34023000,0.0026708730793318924,0.0026673126360812656,-0.01701608844483269,0.011773075809827276,0.18689178455468
2018-04-26,18.569562911987305,23.04199981689453,23.1879997253418,22.82999992370605,23.100000381469727,32751000,0.006200726306718529,0.006181580906184667,-0.010383130496476923,0.013914909999476591,0.22089234824676585
2018-04-27,18.759754180908203,23.277999877929688,23.420000076293945,23.06999969482422,23.35700035095215,27211000,0.010242097233108538,0.010190002360458222,-0.0036076849657459944,0.01409565613393324,0.22376160418001706
2018-04-30,18.488975524902344,22.941999435424805,23.41200065612793,22.832000732421875,23.257999420166016,39682000,-0.014434019411695198,-0.01453920324714242,-0.0033990161959249533,0.013882116452601224,0.2203717668289261
2018-05-01,18.56634330749512,23.038000106811523,23.084999084472656,22.63599967956543,23.084999084472656,44947000,0.004184535940813694,0.004175805118113556,0.0017728426296554911,0.009494992468911043,0.15072833263901883
2018-05-02,18.43417358398437,22.874000549316406,23.3439998626709,22.68000030517578,23.32999992370605,52950000,-0.007118780544006942,-0.0071442399608429045,-0.00018508809501227574,0.010243370640316397,0.16260846780802587
2018-05-03,18.15291404724121,22.52499961853028,22.788000106811523,22.26799964904785,22.64900016784668,58011000,-0.015257507230349576,-0.015375100648730692,-0.004476734802425897,0.0113359450864412,0.17995254944764805
2018-05-04,18.57762336730957,23.052000045776367,23.208999633789062,22.19799995422364,22.364999771118164,51303000,0.02339620619384264,0.023126710321051652,-0.0018459130102790767,0.016121920719879047,0.25592755728899624
2018-05-07,19.01683807373047,23.597000122070312,23.690000534057617,23.100000381469727,23.1299991607666,36953000,0.02364213644215485,0.0233669894055936,0.005769318160490933,0.01761311176359299,0.27959948124271994
2018-05-08,19.24893951416016,23.88500022888184,23.895999908447266,23.48200035095215,23.573999404907227,40149000,0.012205048995516776,0.012131167925606095,0.007373420771431549,0.017796967401443962,0.28251809901206487
2018-05-09,19.18446350097656,23.80500030517578,23.913000106811523,23.405000686645508,23.57999992370605,35031000,-0.0033495878116386324,-0.0033552102396142234,0.00812725931790521,0.01709565621793215,0.271385129112621
2018-05-10,19.624488830566406,24.35099983215332,24.37299919128418,23.86100006103516,23.972999572753903,25747000,0.022936546000749347,0.022677457675966094,0.015766069964124996,0.011723442019957014,0.1861038725669459
2018-05-11,19.6140193939209,24.33799934387207,24.450000762939453,24.15999984741211,24.308000564575195,24052000,-0.0005334883744436691,-0.0005336307299987764,0.010980131050467735,0.012675635466350725,0.20121947492204553
2018-05-14,19.7252254486084,24.47599983215332,24.84199905395508,24.3799991607666,24.62800025939941,27580000,0.005669722888209661,0.005653710504736531,0.0073856483396786965,0.01055887615259183,0.16761696254453085
2018-05-15,19.46894645690918,24.15800094604492,24.444000244140625,23.850000381469727,24.231000900268555,24984000,-0.01299244930644372,-0.013077589432470591,0.002346148679286597,0.013332450255682898,0.2116460864620588
2018-05-16,19.382720947265625,24.051000595092773,24.22100067138672,23.89900016784668,24.214000701904297,29330000,-0.004428873942120992,-0.004438710458189476,0.002130291453190125,0.01345588593253221,0.21360556708519607
2018-05-17,19.29728889465332,23.94499969482422,24.166000366210938,23.799999237060547,23.812000274658203,22825000,-0.004407639817172182,-0.0044173820990704524,-0.0033385457103941806,0.006792401679568504,0.10782603389397419
2018-05-18,19.018449783325195,23.599000930786133,24.062000274658203,23.58799934387207,23.98600006103516,25262000,-0.014449652116955258,-0.014555065025602255,-0.0061217784588964985,0.008083985690312262,0.12832929443262636
2018-05-21,19.26505470275879,23.905000686645508,24.049999237060547,23.66699981689453,23.94599914550781,25720000,0.012966615168067408,0.01288326832472343,-0.004662400002924949,0.010909647547183116,0.17318528580727396
2018-05-22,19.219926834106445,23.849000930786133,24.136999130249023,23.757999420166016,24.02400016784668,19218000,-0.0023424729048852067,-0.0023452207866046376,-0.0025324047226132464,0.009866478339375323,0.1566254880119559
2018-05-23,19.38674545288086,24.05599975585937,24.0629997253418,23.60300064086914,23.62299919128418,23454000,0.008679461696929458,0.008642011710391303,8.926240519684381e-05,0.010921689884690226,0.17337645198876026
2018-05-24,19.62610244750977,24.35300064086914,24.43600082397461,24.0,24.086000442504883,22799000,0.012346424788557853,0.012270829272923316,0.0034400753263428506,0.011736794746451404,0.18631584052871883
2018-05-25,20.149938583374023,25.00300025939941,25.06800079345703,24.40399932861328,24.40399932861328,32214000,0.026690787804927618,0.026340802656568497,0.011668163310719426,0.010404993116941883,0.16517414508460218
2018-05-29,20.122539520263672,24.9689998626709,25.11100006103516,24.847000122070312,24.86400032043457,28281000,-0.0013597591375766882,-0.001360684448928293,0.008802888449590606,0.011832659390415102,0.18783764457342897
2018-05-30,20.09916305541992,24.940000534057617,25.202999114990234,24.933000564575195,25.11800003051757,26844000,-0.001161705500452026,-0.0011623808033396315,0.009039041930477243,0.011563331305608082,0.18356219377252084
2018-05-31,20.31434440612793,25.207000732421875,25.52899932861328,24.89999961853028,24.926000595092773,34698000,0.010705985623117087,0.010649082335932052,0.009444346715714768,0.011583075660402281,0.18387562568801813
2018-06-01,20.658456802368164,25.63400077819824,25.770000457763672,25.253999710083008,25.437000274658203,26360000,0.016939379847101144,0.016797508453189437,0.010362937727423426,0.012043722268096337,0.19118816388548213
2018-06-04,20.822052001953125,25.83699989318848,25.93600082397461,25.62299919128418,25.799999237060547,25886000,0.007919042605651239,0.00788785154841858,0.006608588687568151,0.007891502327371111,0.12527371577346832
2018-06-05,20.893779754638672,25.926000595092773,26.13500022888184,25.804000854492188,25.94599914550781,42374000,0.0034447975002087627,0.003438877776238131,0.007569500015125241,0.006910164445387672,0.10969545984633812
2018-06-06,21.23709487915039,26.35199928283692,26.37800025939941,25.97100067138672,26.073999404907227,37465000,0.016431451300021438,0.01629791580647308,0.011088131375219934,0.005731445895858602,0.09098388295958197
2018-06-07,21.33058357238769,26.468000411987305,26.64800071716309,26.29199981689453,26.299999237060547,46077000,0.004402141336623311,0.004392480255037116,0.009827362517921179,0.0064808684813709265,0.10288059768854588
2018-06-08,20.789819717407227,25.79700088500977,25.99300003051757,25.374000549316406,25.67399978637696,73694000,-0.025351573394385762,-0.025678461108616133,0.0013691718696237976,0.015789857672792867,0.2506562198358901
2018-06-11,21.020309448242188,26.08300018310547,26.18000030517578,25.631999969482425,25.785999298095703,31859000,0.011086663278853326,0.01102565671950357,0.002002696004264215,0.016177148155593932,0.2568042656516926
2018-06-12,21.068660736083984,26.14299964904785,26.17300033569336,25.84000015258789,26.03300094604492,27594000,0.002300217699499285,0.0022975762485993264,0.0017737800441223195,0.016159728800653157,0.2565277419646579
2018-06-13,21.241928100585938,26.357999801635746,26.60700035095215,26.07099914550781,26.176000595092773,34868000,0.00822393823092904,0.00819030591847082,0.00013227743030383988,0.01464438373127724,0.23247238474055834
2018-06-14,21.63521385192871,26.84600067138672,26.90699958801269,26.40999984741211,26.5,37042000,0.018514597614701644,0.018345289046130184,0.0029547686859195065,0.016864738158497195,0.2677194185616299
2018-06-15,21.7778549194336,27.02300071716309,27.18099975585937,26.632999420166016,27.003999710083008,60969000,0.006593004741303865,0.006571365943271139,0.009343684313057432,0.006032704986005209,0.09576622275593505
2018-06-18,21.31607437133789,26.450000762939453,26.89999961853028,26.42300033569336,26.89999961853028,30191000,-0.021204133731446473,-0.02143217068719567,0.0028855249109974723,0.014723843036767959,0.23373376211062843
2018-06-19,21.311996459960938,26.09499931335449,26.113000869750977,25.415000915527344,25.600000381469727,36221000,-0.00019130686569734934,-0.00019132516718995215,0.0023872199979581453,0.014790613454180769,0.23479370962709006
2018-06-20,21.334041595458984,26.121999740600582,26.402000427246094,26.073999404907227,26.14999961853028,24951000,0.0010344002984170597,0.0010338656750729792,0.0009493124114557494,0.014426312207869846,0.22901060662679254
2018-06-21,21.205820083618164,25.96500015258789,26.256999969482425,25.8439998626709,26.15800094604492,18186000,-0.0060101838307146105,-0.006028317680576276,-0.003955643877627502,0.010631042968120119,0.1687625752253268
2018-06-22,21.21071434020996,25.97100067138672,26.14999961853028,25.895999908447266,26.11800003051757,52412000,0.00023079779855228466,0.0002307711688376839,-0.005228085266177818,0.009357257466078907,0.1485418572530832
2018-06-25,20.615339279174805,25.242000579833984,25.64200019836425,25.042999267578125,25.64200019836425,29705000,-0.028069543132099084,-0.028471023513466746,-0.00660116714630834,0.012321773135128394,0.1956020845614384
2018-06-26,20.543466567993164,25.15399932861328,25.461000442504883,25.05500030517578,25.299999237060547,24233000,-0.003486370522858384,-0.003492462074962589,-0.007260179877740547,0.011976524256455203,0.19012142852107936
2018-06-27,20.18166923522949,24.711000442504883,25.516000747680664,24.684999465942383,25.208999633789062,24720000,-0.01761130876165551,-0.017768233017135288,-0.01098932168975506,0.011646478530697337,0.18488211505126853
2018-06-28,20.001176834106445,24.489999771118164,24.73200035095215,24.22699928283692,24.62800025939941,33238000,-0.008943383177045239,-0.008983615282090086,-0.011575961559021186,0.011404332154507913,0.18103816049763227
2018-06-29,19.816593170166016,24.263999938964844,24.69499969482422,24.256999969482425,24.69499969482422,42794000,-0.009228640168096214,-0.009271487888977406,-0.013467849152350886,0.009597516936909294,0.15235585811275426
2018-07-02,19.768409729003903,24.20499992370605,24.222000122070312,23.742000579833984,24.00900077819824,33369000,-0.002431469463411773,-0.0024344302856939043,-0.008340234418613424,0.006032813827084537,0.09576795055450503
2018-07-03,19.54300308227539,23.929000854492188,24.339000701904297,23.89999961853028,24.336000442504883,11591000,-0.011402366190225166,-0.011467871587992354,-0.00992343355208678,0.005451225308957956,0.08653551904850394
2018-07-05,20.04201316833496,24.540000915527344,24.56100082397461,24.06800079345703,24.179000854492188,25299000,0.025533951151660572,0.025213404907347355,-0.001294381569423564,0.015367851538766016,0.24395708014161704
2018-07-06,20.22821807861328,24.76799964904785,24.86000061035156,24.441999435424805,24.489999771118164,23112000,0.009290728866125697,0.009247835513686848,0.002352440839210623,0.015262078926288232,0.2422779919727901
2018-07-09,20.20779800415039,24.74300003051757,24.92300033569336,24.55299949645996,24.89999961853028,17955000,-0.0010094845914520034,-0.00100999446419019,0.003996271954539466,0.014101368854068054,0.22385229080073563
2018-07-10,20.46343231201172,25.05599975585937,25.18000030517578,24.70499992370605,24.833999633789062,16413000,0.012650280243736933,0.012570933916752592,0.007012621895969207,0.013995343682110487,0.22216919337446014
2018-07-11,19.88193321228028,24.3439998626709,24.753999710083008,24.26099967956543,24.4950008392334,35761000,-0.028416498799671452,-0.02882806306012683,0.003609795374079949,0.020258906957698795,0.32160017786440287
2018-07-12,17.149229049682617,20.99799919128418,21.027999877929688,19.746000289916992,20.70800018310547,435083000,-0.1374466020693491,-0.14785822134877416,-0.028986315270121986,0.0627403374074377,0.9959719797141785
2018-07-13,16.535066604614258,20.246000289916992,21.39999961853028,20.190000534057617,21.25,161678000,-0.03581283119428191,-0.03646984470576026,-0.03800702728220351,0.05899153061632343,0.936461516819068
2018-07-16,16.599592208862305,20.325000762939453,20.63800048828125,20.05299949645996,20.15999984741211,102277000,0.0039023492188439146,0.003894754805089057,-0.037024660520144324,0.05979706345027127,0.9492489541282064
2018-07-17,17.012840270996094,20.83099937438965,20.90900039672852,20.201000213623047,20.22100067138672,110827000,0.02489507313999928,0.024590239682150756,-0.03457570194089186,0.06252843728084169,0.9926081694876416
2018-07-18,17.051225662231445,20.87800025939941,20.988000869750977,20.663000106811523,20.722000122070312,80834000,0.002256260014431133,0.002253718481992192,-0.02844115017807134,0.06474896888489139,1.0278580159036907
2018-07-19,17.18108367919922,21.03700065612793,21.14800071716309,20.804000854492188,20.82900047302246,63247000,0.007615758511448911,0.007586905024128112,0.000571321938088265,0.022243034400653228,0.3530972245654984
2018-07-20,17.17781639099121,21.03300094604492,21.121000289916992,20.8759994506836,21.01000022888184,62893000,-0.00019016776060309937,-0.0001901858447844076,0.007695854624824028,0.010024828611679498,0.15913922065529312
2018-07-23,17.69969367980957,21.67200088500977,21.86400032043457,21.040000915527344,21.041000366210938,82211000,0.030380886425823928,0.02992852653152601,0.012991562066220031,0.013802048333463808,0.21910072484183232
2018-07-24,17.750328063964844,21.733999252319336,22.03899955749512,21.600000381469727,21.780000686645508,81158000,0.0028607491785597183,0.002856665022937555,0.008584697273932119,0.012508233890029684,0.1985620572818915
2018-07-25,18.45514678955078,22.597000122070312,22.864999771118164,21.770999908447266,21.770999908447266,92271000,0.03970736332568392,0.038939292140490855,0.016074917936182674,0.0178457127650183,0.28329190766957557
2018-07-26,18.2272891998291,22.31800079345703,22.97699928283692,22.15699958801269,22.64999961853028,85069000,-0.012346560681418817,-0.012423412688892153,0.01208245409760913,0.0219681706537679,0.34873389785338255
2018-07-27,18.05332565307617,22.104999542236328,22.929000854492188,22.006999969482425,22.400999069213867,79443000,-0.009544126109249707,-0.009589963163746629,0.010211662427879808,0.023611408811756992,0.37481949491872857
2018-07-30,18.39143943786621,22.518999099731445,22.802000045776367,22.104999542236328,22.11100006103516,75275000,0.01872861495369027,0.01855539389611136,0.007881208133453077,0.021613539170270486,0.3431042975789341
2018-07-31,18.112133026123047,22.177000045776367,22.88400077819824,22.15399932861328,22.667999267578125,63860000,-0.015186761900109813,-0.015303261777495547,0.00427170591771917,0.02403312299714663,0.38151400007206354
2018-08-01,17.70622444152832,21.68000030517578,22.393999099731445,21.6200008392334,22.326000213623047,42669000,-0.022410865910121536,-0.02266580551008916,-0.00815193992944192,0.015771041077864253,0.2503575156516772
2018-08-02,17.66947364807129,21.63500022888184,21.826000213623047,21.325000762939453,21.427000045776367,40312000,-0.0020755861069305936,-0.0020777431210033544,-0.006097745014544275,0.0157569952362451,0.2501345448284039
2018-08-03,17.788715362548828,21.7810001373291,21.799999237060547,21.440000534057617,21.575000762939453,24832000,0.006748458774297195,0.006725789856074093,-0.0028392280378348954,0.01653170696114885,0.26243271219957115
2018-08-06,17.71847915649414,21.69499969482422,21.83099937438965,21.586000442504883,21.663000106811523,22638000,-0.003948357406547642,-0.003956172748277202,-0.007374622509882478,0.011471689519870749,0.18210742552394377
2018-08-07,17.99289321899414,22.0310001373291,22.18400001525879,21.714000701904297,21.92200088500977,29798000,0.015487450140404535,0.015368743656083116,-0.0012397801017796084,0.014140916067520375,0.22448008335177821
2018-08-08,17.923471450805664,21.94599914550781,22.12299919128418,21.895000457763672,22.054000854492188,15801000,-0.003858288233222651,-0.0038657506281659904,0.0024707354336001687,0.00850976074507103,0.135088263888706
2018-08-09,17.688255310058594,21.65800094604492,22.02499961853028,21.5939998626709,22.01499938964844,27563000,-0.013123358462821533,-0.013210230604718695,0.0002611809624219807,0.011042646669259276,0.17529658141689458
2018-08-10,17.332990646362305,21.222999572753903,21.44799995422364,21.04599952697754,21.2810001373291,37017000,-0.02008477701552991,-0.020289218218183497,-0.00510546619554344,0.01337562060139692,0.2123313944546907
2018-08-13,17.23906898498535,21.107999801635746,21.39800071716309,21.045000076293945,21.165000915527344,29842000,-0.00541866451630868,-0.0054333987294886725,-0.005399527617495648,0.01335997509100607,0.2120830296769175
2018-08-14,16.930349349975586,20.729999542236328,21.15800094604492,20.68400001525879,21.15800094604492,36327000,-0.017908138500904558,-0.018070429688000135,-0.012078645345757467,0.007264677831170863,0.11532318537769307
2018-08-15,16.871549606323242,20.65800094604492,20.757999420166016,20.277000427246094,20.51300048828125,41132000,-0.0034730378231934145,-0.003479082819446168,-0.012001595263751618,0.007374867832069015,0.11707239741374803
2018-08-16,17.043872833251953,20.86899948120117,20.88599967956543,20.66900062561035,20.777000427246094,29239000,0.010213835181098307,0.010162026445162406,-0.007334156534967651,0.01225659799763337,0.19456746132858074
2018-08-17,17.091243743896484,20.927000045776367,21.11899948120117,20.551000595092773,20.79700088500977,39093000,0.0027793513310021556,0.0027754960758452304,-0.0027613308656612378,0.010440879077078751,0.16574381704108776
2018-08-20,16.88298797607422,20.67200088500977,21.0,20.586000442504883,20.94799995422364,54489000,-0.012184939314123122,-0.012259784296279528,-0.0041145858252241265,0.011276461133040303,0.17900827096146169
2018-08-21,17.192522048950195,21.051000595092773,21.143999099731445,20.711000442504883,20.75200080871582,29952000,0.018334081225114485,0.018168038382460262,0.0031338581199796822,0.011828093269059205,0.18776515964404591
2018-08-22,16.949951171875,20.753999710083008,21.17099952697754,20.74300003051757,21.045000076293945,26890000,-0.014109092103215093,-0.0142095715789887,0.0010066472639753466,0.014059323328243755,0.2231848387702914
2018-08-23,16.79069709777832,20.55900001525879,20.90800094604492,20.527999877929688,20.77300071716309,35578000,-0.009395547661572579,-0.00943996425054996,-0.0029152293045588305,0.01357558526018481,0.21550573500361858
2018-08-24,17.069190979003906,20.89999961853028,20.927000045776367,20.468000411987305,20.63500022888184,20541000,0.016586201252027477,0.01645015250949497,-0.00015385932035376636,0.01617820899247115,0.256821105915045
2018-08-27,17.3934268951416,21.29700088500977,21.437000274658203,20.863000869750977,21.02499961853028,28213000,0.01899538862366268,0.018817228836494043,0.006082206267203394,0.016389341244843144,0.2601727265161723
2018-08-28,17.512662887573242,21.44300079345703,21.59600067138672,21.256999969482425,21.46299934387207,24340000,0.006855232907837516,0.0068318426350608055,0.003786436603748,0.014988148353151372,0.23792947893468497
2018-08-29,17.558401107788086,21.499000549316406,21.57999992370605,21.34499931335449,21.481000900268555,18125000,0.002611722757896562,0.002608318136677265,0.007130599575970331,0.01144324297586001,0.18165585063727374
2018-08-30,17.693979263305664,21.665000915527344,21.694000244140625,21.461000442504883,21.496999740600582,26529000,0.007721554752353921,0.007691896124432665,0.010554020058755631,0.006935918931764854,0.11010429964292746
2018-08-31,17.888351440429688,21.902999877929688,21.93199920654297,21.584999084472656,21.60300064086914,27623000,0.01098521560535115,0.010925316395653884,0.009433822929420365,0.006122752594220646,0.09719568422090039
2018-09-04,17.921018600463867,21.94300079345703,22.02899932861328,21.71299934387207,21.858999252319336,36663000,0.001826169400962696,0.0018245039808734056,0.005999979084880369,0.00378975042913312,0.06016042299891928
2018-09-05,18.083541870117188,22.14200019836425,22.18000030517578,21.95800018310547,21.9950008392334,37194000,0.009068863398708382,0.009027988198905865,0.006442705183054542,0.004035944533204493,0.06406863324065853
2018-09-06,17.63844108581543,21.597000122070312,22.28199958801269,21.39200019836425,22.14999961853028,62509000,-0.024613584412757183,-0.024921562820551486,0.0009976437489237933,0.01472012754793735,0.23367478055395946
2018-09-07,18.994991302490234,23.257999420166016,23.541000366210938,22.39999961853028,22.420000076293945,104703000,0.07690873643962348,0.07409465590185423,0.014835080086377706,0.037505460977231966,0.5953807353155599
2018-09-10,19.65081024169922,24.06100082397461,24.09499931335449,23.20499992370605,23.465999603271484,60880000,0.03452588783881194,0.03394324238412989,0.019543214533069862,0.03836897254305583,0.6090885564599475
2018-09-11,18.992542266845703,23.2549991607666,23.96999931335449,23.040000915527344,23.770000457763672,60755000,-0.03349826122979216,-0.03407218129738956,0.012478328406918893,0.04510724331814914,0.7160552888850155
2018-09-12,18.77529525756836,22.98900032043457,23.084999084472656,22.28300094604492,22.809999465942383,53077000,-0.011438542888309366,-0.011504466213335706,0.008376847149515343,0.04640833744446406,0.7367095178281123
2018-09-13,19.226938247680664,23.54199981689453,23.92200088500977,23.11199951171875,23.36899948120117,43757000,0.024055173775775707,0.02377040580621244,0.01811059878722192,0.04271605928643501,0.6780964191635892
2018-09-14,19.30207252502441,23.63400077819824,23.708999633789062,23.36899948120117,23.516000747680664,28095000,0.00390776089130096,0.0039001454268712743,0.0035104036775574165,0.027282402801781444,0.4330947178908331
2018-09-17,19.178747177124023,23.482999801635746,24.030000686645508,23.43099975585937,24.0,36739000,-0.00638922829351618,-0.006409726772230579,-0.004672619548908208,0.02108643592653758,0.3347367929898977
2018-09-18,19.725934982299805,23.972999572753903,24.13999938964844,23.48699951171875,23.5,50511000,0.028530946266837276,0.028131518396027514,0.007733221950417679,0.017892636532731473,0.2840367993892589
2018-09-19,19.89544677734375,24.179000854492188,24.249000549316406,23.97699928283692,24.04700088500977,31160000,0.008593346535717972,0.008556633906345808,0.011739599835223147,0.014435318639202638,0.22915357929183303
2018-09-20,20.15381622314453,24.49300003051757,24.60400009155273,24.17200088500977,24.29899978637696,39986000,0.012986360582512901,0.012902760795360665,0.009525837196570585,0.012834436320262953,0.20374036032666426
2018-09-21,20.41465187072754,24.809999465942383,24.87700080871582,24.51799964904785,24.632999420166016,135321000,0.012942246009143732,0.012859210817111078,0.01133273422013914,0.012476735412052211,0.19806203444545886
2018-09-24,20.525739669799805,24.94499969482422,25.01000022888184,24.731000900268555,24.80500030517578,45326000,0.005441572052059085,0.005426820190209105,0.013698894289254193,0.008878625670131493,0.14094381304321277
2018-09-25,20.377628326416016,24.76499938964844,24.934999465942383,24.57999992370605,24.89800071716309,47037000,-0.007215883362376996,-0.007242043771668839,0.006549528363411339,0.008324526530150245,0.13214776188682187
2018-09-26,20.1949520111084,24.542999267578125,24.80500030517578,24.479999542236328,24.56399917602539,33428000,-0.00896455232088067,-0.009004975686296693,0.0030379485920916105,0.010630669218236716,0.16875664212986266
2018-09-27,20.278884887695312,24.645000457763672,24.788000106811523,24.49099922180176,24.569000244140625,29572000,0.0041561315194385,0.0041475186607039085,0.0012719027794767302,0.009202300731024298,0.14608199534350907
2018-09-28,20.30192756652832,24.67300033569336,24.69700050354004,24.38500022888184,24.554000854492188,26739000,0.0011362892467026153,0.001135644158701324,-0.0010892885730114932,0.006608228050951937,0.10490236817771935
2018-10-01,20.53067779541016,24.951000213623047,25.214000701904297,24.76700019836425,24.788000106811523,27709000,0.011267414295132117,0.011204409806081672,7.587987560311315e-05,0.008335505227531332,0.13232204330476063
2018-10-02,20.41465187072754,24.809999465942383,25.17099952697754,24.79199981689453,24.91399955749512,24888000,-0.0056513440929144565,-0.005667373357730423,0.000388787729495621,0.00801661269231704,0.12725978124596907
2018-10-03,20.523269653320312,24.941999435424805,25.132999420166016,24.70400047302246,24.881000518798828,19607000,0.005320579713069762,0.005306475435331819,0.003245814136285707,0.006186455343334115,0.09820693401281266
2018-10-04,20.420413970947266,24.816999435424805,24.972999572753903,24.6200008392334,24.666000366210938,25660000,-0.005011661597322803,-0.005024262090540718,0.0014122555129334469,0.00713506237686442,0.11326560382870005
2018-10-05,20.0962142944336,24.42300033569336,25.0049991607666,24.239999771118164,24.839000701904297,33860000,-0.015876253878834845,-0.016003631583573236,-0.001990253112174045,0.01054238511173459,0.16735517538671768
2018-10-08,19.86088180541992,24.136999130249023,24.54199981689453,24.038000106811523,24.33099937438965,33397000,-0.011710289588167222,-0.0117793950557634,-0.006585793888833913,0.008026299337781135,0.12741355197558776
2018-10-09,20.13489532470703,24.46999931335449,24.57299995422364,24.03700065612793,24.05900001525879,24675000,0.013796644175805728,0.01370233690642914,-0.002696196235089876,0.012212817649260814,0.19387246984394743
2018-10-10,19.07589530944824,23.183000564575195,24.506999969482425,23.16399955749512,24.292999267578125,56327000,-0.052595258042355986,-0.05402888327211753,-0.014279363786175026,0.02424567219008475,0.38488811390735406
2018-10-11,18.83480262756348,22.88999938964844,23.559999465942383,22.7189998626709,23.19700050354004,37424000,-0.012638603744346666,-0.012719150280120385,-0.0158047522155798,0.023751727411637825,0.3770469836363373
2018-10-12,19.16805458068848,23.295000076293945,23.566999435424805,22.910999298095703,23.47599983215332,32589000,0.01769341360855603,0.017538707354928244,-0.009090818718101624,0.02807719584555074,0.4457116663162989
2018-10-15,19.128557205200195,23.246999740600582,23.53300094604492,23.003999710083008,23.10300064086914,30099000,-0.0020605834213388574,-0.002062709344286761,-0.0071608774847359506,0.02818357199267487,0.4474003353006169
2018-10-16,19.60991859436035,23.832000732421875,23.8759994506836,23.417999267578125,23.600000381469727,30355000,0.025164542416680424,0.02485312889394561,-0.004887297836561011,0.030647692232177063,0.48651703142631925
2018-10-17,19.51528549194336,23.71699905395508,23.974000930786133,23.39200019836425,23.974000930786133,20262000,-0.004825777422870492,-0.004837459083954826,0.004666598287336088,0.016005419540467303,0.2540781583999811
2018-10-18,18.762392044067383,22.802000045776367,23.68199920654297,22.652999877929688,23.542999267578125,37442000,-0.03857967889769276,-0.03934358675553365,-0.0005216167433331309,0.024803610703132365,0.39374511322168904
2018-10-19,18.78378868103028,22.827999114990234,23.108999252319336,22.69300079345703,23.0,32231000,0.0011404002705328598,0.0011397505080902703,-0.003832219410937765,0.0227873371380387,0.3617377626518204
2018-10-22,18.811765670776367,22.86199951171875,23.24300003051757,22.804000854492188,23.05599975585937,25619000,0.0014894220873737929,0.0014883139984349185,-0.003122218309195235,0.02291130507907113,0.36370569270691955
2018-10-23,18.847137451171875,22.905000686645508,22.95400047302246,21.881999969482425,22.2810001373291,35990000,0.0018803009252053027,0.0018785353722547632,-0.007779066607490259,0.017436777136744776,0.2768002558217014
2018-10-24,17.99633026123047,21.871000289916992,22.641000747680664,21.78400039672852,22.63999938964844,37810000,-0.04514251525705859,-0.04619318027306946,-0.015842414174327878,0.023866201497770998,0.3788642034171559
2018-10-25,18.28678703308105,22.224000930786133,22.339000701904297,21.915000915527344,21.988000869750977,35193000,0.016139777812163913,0.016010916280274935,-0.004898522832356545,0.023374216052976512,0.37105417660361767
2018-10-26,17.53882598876953,21.315000534057617,21.733999252319336,20.920000076293945,21.55699920654297,53324000,-0.04090172007572723,-0.041761727676726694,-0.013306946901608562,0.027801391814194564,0.4413334130509539
2018-10-29,17.403060913085938,21.14999961853028,21.86899948120117,20.82299995422364,21.61899948120117,28636000,-0.007740830302468749,-0.007770946043919243,-0.01515299737957707,0.02686391238318853,0.4264513884488721
2018-10-30,18.18558120727539,22.10099983215332,22.1560001373291,21.100000381469727,21.37800025939941,29697000,0.04496452078732016,0.04398293344071889,-0.0065361534071541,0.038208022368701015,0.6065335516510555
2018-10-31,18.38965034484864,22.349000930786133,22.566999435424805,22.17099952697754,22.5,28146000,0.011221480097188596,0.011158986369563648,0.004736645663695338,0.03173686449241128,0.5038071050392584
2018-11-01,18.91543960571289,22.988000869750977,23.42300033569336,22.371999740600582,22.516000747680664,36830000,0.02859158553884833,0.028190473826334713,0.007227007209032221,0.03330514788196401,0.5287028320434382
2018-11-02,18.16583251953125,22.07699966430664,22.597000122070312,21.77499961853028,22.53300094604492,40241000,-0.03962937694322699,-0.04043600334029776,0.00748147583553227,0.03284719956146164,0.5214331278272243
2018-11-05,18.109878540039062,22.00900077819824,22.11000061035156,21.371000289916992,21.902000427246094,27609000,-0.00308017699888119,-0.0030849305076619655,0.008413606496249781,0.032369892047681995,0.5138561059450434
2018-11-06,18.78132057189941,22.825000762939453,22.916000366210938,21.972000122070312,22.030000686645508,29464000,0.03707600966930058,0.036405224217275906,0.006835904272645865,0.03026697021227868,0.4804732567265354
2018-11-07,19.28736114501953,23.440000534057617,23.52899932861328,22.92099952697754,23.198999404907227,29004000,0.02694382278300811,0.026587229141646615,0.009980372809809767,0.0316228344828715,0.501996934755815
2018-11-08,19.768728256225582,24.02499961853028,24.261999130249023,23.270999908447266,23.270999908447266,29796000,0.024957644935805545,0.02465128972274532,0.00925358468920121,0.031126013955988893,0.4941101533936342
2018-11-09,19.665054321289062,23.89900016784668,23.902000427246094,23.253999710083008,23.5,33611000,-0.005244340131180247,-0.005258139951331028,0.01613059205161056,0.019101666903574708,0.30322956152191133
2018-11-12,18.401166915893555,22.363000869750977,23.187000274658203,22.027999877929688,23.100000381469727,50306000,-0.06427073044121945,-0.066429086267438,0.003892481363142908,0.04124911198725759,0.6548093527232214
2018-11-13,18.49991035461425,22.482999801635746,22.98200035095215,22.23200035095215,22.54899978637696,26697000,0.005366150917059942,0.005351804429952181,-0.00244949038730522,0.037100805522388716,0.5889570291144741
2018-11-14,18.61263656616211,22.6200008392334,23.05299949645996,22.562000274658203,22.676000595092773,25411000,0.006093338258784664,0.006074848942972326,-0.006619587292149909,0.03401449544977037,0.5399633755885831
2018-11-15,19.44699478149414,23.63400077819824,23.93099975585937,22.586000442504883,22.621999740600582,36694000,0.0448275134135967,0.04385181285869203,-0.002645613596591678,0.039365796841909155,0.6249126516335008
2018-11-16,19.551494598388672,23.76099967956543,23.920000076293945,23.165000915527344,23.381999969482425,36005000,0.005373571498768159,0.005359185376999207,-0.0005220312706019969,0.03947679630019908,0.6266747134072891
2018-11-19,18.853729248046875,22.913000106811523,24.107999801635746,22.85400009155273,23.652999877929688,35326000,-0.03568859387349865,-0.036341001135357834,0.005194396042942162,0.028473990577859147,0.45201058741566985
2018-11-20,18.736888885498047,22.770999908447266,22.90800094604492,22.257999420166016,22.393999099731445,32123000,-0.006197201678863173,-0.0062164840389147295,0.002881725523757539,0.028922609373892835,0.4591321900223159
2018-11-21,18.9253158569336,23.0,23.33099937438965,22.7509994506836,23.02199935913086,19926000,0.010056470558535091,0.0100062407342757,0.0036743519837076242,0.029086468324671124,0.4617333702254239
2018-11-23,18.91708946228028,22.989999771118164,23.268999099731445,22.757999420166016,22.757999420166016,8066000,-0.00043467674280883717,-0.0004347712421296368,-0.005378086047573482,0.018011515818069628,0.28592394953951
2018-11-26,19.362239837646484,23.5310001373291,23.815000534057617,23.155000686645508,23.42200088500977,28714000,0.023531652490929478,0.02325905137714686,-0.001746469849141219,0.022090102249455016,0.35066950192827884
2018-11-27,19.405027389526367,23.58300018310547,23.83699989318848,23.242000579833984,23.357999801635746,30406000,0.0022098451542102993,0.0022074070376535268,0.0058332179564005715,0.011491483569789837,0.18242164632509197
2018-11-28,19.35483360290528,23.52199935913086,23.799999237060547,23.16200065612793,23.64999961853028,31080000,-0.0025866382774691887,-0.00258998940627781,0.006555330636679369,0.01062747062242938,0.16870586599555773
2018-11-29,19.400915145874023,23.577999114990234,23.863000869750977,23.275999069213867,23.427000045776367,17920000,0.0023808803482467944,0.0023780505433583224,0.005020212594621709,0.010549379659076239,0.1674662103835145
2018-11-30,19.53504180908203,23.74099922180176,23.827999114990234,23.339000701904297,23.540000915527344,40083000,0.0069134194031321705,0.006889631294392724,0.006489831823809911,0.010101821069830734,0.16036143803786743
2018-12-03,19.918481826782227,24.207000732421875,24.70400047302246,24.14699935913086,24.520000457763672,35241000,0.019628318252276733,0.01943816701828359,0.0057091649760793615,0.008475495944965697,0.1345443270498937
2018-12-04,19.09317779541016,23.20400047302246,24.113000869750977,23.15800094604492,24.04899978637696,36455000,-0.041434083106794306,-0.04231694797611646,-0.0030196206761215596,0.0230033597102131,0.3651670146731202
2018-12-06,18.698213577270508,22.724000930786133,22.725000381469727,21.76099967956543,22.624000549316406,57859000,-0.020686143625321396,-0.02090309909103538,-0.006639521745692001,0.02430544369282063,0.38583695709772065
2018-12-07,18.80682373046875,22.856000900268555,23.827999114990234,22.450000762939453,23.405000686645508,78396000,0.005808584480512469,0.005791779696946764,-0.005953980919238866,0.024669091166773665,0.39160968178358
2018-12-10,19.686437606811523,23.924999237060547,24.03199958801269,22.650999069213867,22.795000076293945,43344000,0.04677099594003842,0.04571018393428371,0.0020175343881423833,0.03439071149400105,0.5459356201421842
2018-12-11,20.31097984313965,24.68400001525879,25.03400039672852,24.34199905395508,24.34600067138672,57730000,0.03172449220127227,0.031231666496645112,0.004436769177941491,0.03631110125572969,0.5764208625212757
2018-12-12,20.98076820373535,25.49799919128418,26.018999099731445,25.200000762939453,25.24399948120117,68703000,0.03297666413774403,0.03244459950260998,0.019318918626849157,0.02681875720231,0.4257345721748077
2018-12-13,21.253950119018555,25.82999992370605,26.14999961853028,25.45800018310547,25.84600067138672,54355000,0.013020586883685459,0.01293654774877523,0.02606026472865053,0.016500137818601383,0.2619315675978663
2018-12-14,20.968425750732425,25.482999801635746,26.15900039672852,25.46299934387207,25.535999298095703,42727000,-0.01343394365222661,-0.013524995449223445,0.022211759102102713,0.023262766157009507,0.3692849643533814
2018-12-17,20.91082763671875,25.413000106811523,26.131999969482425,25.308000564575195,25.39900016784668,56238000,-0.002746897392221448,-0.002750677037982588,0.01230818043565074,0.020579110919993992,0.32668325818270644
2018-12-18,20.76032447814941,24.96699905395508,25.55900001525879,24.881000518798828,25.507999420166016,51849000,-0.007197379328260589,-0.007223405417806729,0.004523806129744168,0.01867143880021753,0.2963999021108268
2018-12-19,20.279708862304688,24.388999938964844,25.593000411987305,24.25200080871582,24.89999961853028,59728000,-0.023150679381267802,-0.023422865426402845,-0.006701662574058198,0.013423363856133921,0.21308929512758018
2018-12-20,20.113405227661133,24.18899917602539,24.850000381469727,23.84499931335449,24.440000534057617,75365000,-0.008200494187205809,-0.00823430320027247,-0.010945878788236451,0.007809598341532717,0.12397353030598823
2018-12-21,20.3645248413086,24.49099922180176,25.17399978637696,24.18899917602539,24.18899917602539,102138000,0.012485186412001248,0.012407889187331059,-0.00576205277539088,0.012771290009405656,0.20273794371822673
2018-12-24,19.44071388244629,23.3799991607666,24.3700008392334,23.35099983215332,24.200000762939453,28494000,-0.04536373748276212,-0.04642488799875404,-0.014285420793499015,0.021496433726517408,0.3412453062908791
2018-12-26,20.633102416992188,24.81399917602539,24.850000381469727,23.350000381469727,23.777999877929688,36741000,0.06133460642217203,0.05952717883168564,-0.0005790236434124907,0.040549994518928774,0.6437112069727067
2018-12-27,20.85843849182129,25.084999084472656,25.12299919128418,24.214000701904297,24.5,37507000,0.010921095154528437,0.01086189065678262,0.006235331263746757,0.03862578202300727,0.6131652805695994
2018-12-28,21.08627891540528,25.358999252319336,25.80599975585937,25.11599922180176,25.299999237060547,28702000,0.01092317738326054,0.010863950388840509,0.010060065577840028,0.03777646102230311,0.5996827276628331
2018-12-31,21.14364624023437,25.42799949645996,25.850000381469727,25.09499931335449,25.78300094604492,26590000,0.002720599734985951,0.0027169056021812614,0.008107148242436968,0.03787202511974338,0.601199760679393
2019-01-02,21.07961845397949,25.35099983215332,25.46999931335449,24.64900016784668,24.88500022888184,30346000,-0.0030282282217266587,-0.003032822582334126,0.016574250094644062,0.02570779583397321,0.4080986071938926
2019-01-03,19.204566955566406,23.09600067138672,24.65399932861328,23.03300094604492,24.45599937438965,68580000,-0.08895092207226851,-0.0931585105851848,-0.013482855604244049,0.04259837882444473,0.6762282997440044
2019-01-04,19.393314361572266,23.32299995422364,23.645000457763672,23.16699981689453,23.429000854492188,54248000,0.009828256291462445,0.009780273118391379,-0.013701423376857248,0.04244438649487419,0.6737837472968736
2019-01-07,19.78828811645508,23.79800033569336,24.02400016784668,23.076000213623047,23.364999771118164,53433000,0.02036649061211815,0.020161867283452397,-0.011812760731085725,0.04399579624157973,0.698411613524941
2019-01-08,19.629472732543945,23.60700035095215,24.190000534057617,23.33699989318848,24.01099967956543,36795000,-0.00802572627690179,-0.008058105780426492,-0.013962025933463273,0.043366308082116146,0.6884187987857385
2019-01-09,20.478439331054688,24.62800025939941,24.667999267578125,23.78499984741211,23.84199905395508,52971000,0.043249587499272435,0.042340445089755825,-0.004706462789263455,0.0506158084008502,0.8035010486228612
2019-01-10,20.74785423278809,24.95199966430664,25.05699920654297,24.43600082397461,24.55699920654297,29594000,0.013156027047668939,0.013070238132184026,0.015714927034724036,0.018605201234188712,0.29534841334785195
2019-01-11,20.83515739440918,25.05699920654297,25.29199981689453,24.93199920654297,24.94300079345703,20158000,0.004207816415209065,0.004198988311745122,0.01459083905947336,0.019209742875350357,0.30494521438603134
2019-01-14,20.860107421875,25.08699989318848,25.15800094604492,24.59000015258789,24.81100082397461,25498000,0.0011974964716376935,0.0011967800446267408,0.010757040231377269,0.01967606599967524,0.3123478644914051
2019-01-15,21.3274154663086,25.64900016784668,26.222000122070312,25.201000213623047,25.275999069213867,39247000,0.02240199606755411,0.02215475697447213,0.016842584700268448,0.01692803676007664,0.2687242527103342
2019-01-16,20.92912483215332,25.170000076293945,25.73500061035156,25.13599967956543,25.71999931335449,24484000,-0.018675053936304198,-0.01885163464809667,0.004457656413153122,0.015358013611048707,0.24380090788067968
2019-01-17,21.23095893859864,25.53300094604492,25.73500061035156,24.871999740600582,25.006000518798828,35154000,0.014421726128825751,0.014318722185216253,0.004710796229384484,0.015546502525320595,0.2467930766330156
2019-01-18,21.687456130981445,26.082000732421875,26.194000244140625,25.700000762939453,25.913000106811523,34634000,0.02150148722453027,0.021273591196682748,0.008169530391248726,0.017238293625443088,0.2736494277601946
2019-01-22,21.47708320617676,25.82900047302246,25.94599914550781,25.489999771118164,25.799999237060547,37156000,-0.009700212119583607,-0.009747565652200363,0.005989988673004465,0.018944666125240716,0.3007372514312194
2019-01-23,21.413055419921875,25.75200080871582,26.090999603271484,25.364999771118164,25.95400047302246,31771000,-0.002981214238461982,-0.0029856669094091804,0.0009133466118012468,0.01671727041310449,0.265378440677355
2019-01-24,21.91445541381836,26.354999542236328,26.674999237060547,26.0,26.108999252319336,35999000,0.02341562117426732,0.023145681269104292,0.009331481633915551,0.014884475624440802,0.23628372538723919
2019-01-25,22.279497146606445,26.79400062561035,26.83099937438965,26.090999603271484,26.51700019836425,30333000,0.016657577197100037,0.016520361449375583,0.009778651847570407,0.015107545628272457,0.23982485191781988
2019-01-28,22.252885818481445,26.761999130249023,26.88500022888184,25.864999771118164,26.1560001373291,31320000,-0.0011944312723886075,-0.0011951451739483556,0.005239468148186632,0.014079368595926161,0.2235030475297996
2019-01-29,22.1447868347168,26.631999969482425,26.76000022888184,26.382999420166016,26.73500061035156,27870000,-0.004857751243879882,-0.004869588467872071,0.006207960323327377,0.012913020441801985,0.20498784458220876
2019-01-30,22.51897048950196,27.082000732421875,27.375,26.73699951171875,27.0,28727000,0.016897144125973096,0.016755975399144748,0.010183631996214393,0.012427512650449305,0.1972806473291882
2019-01-31,22.30526733398437,26.825000762939453,27.100000381469727,26.63500022888184,27.05599975585937,21063000,-0.00948991676227895,-0.009535232948127106,0.003602524408905139,0.012381239643855508,0.19654608612201357
2019-02-01,22.185529708862305,26.68099975585937,26.959999084472656,26.48900032043457,26.915000915527344,22878000,-0.0053681322590397595,-0.005382592453723084,-0.0008026174823228205,0.010322212490748387,0.16386004338290905
2019-02-04,22.627063751220703,27.21199989318848,27.214000701904297,26.4950008392334,26.75,20761000,0.01990189317778701,0.019706439511250704,0.0034166474077123032,0.013835683443398712,0.21963466565908074
2019-02-05,22.450782775878903,27.0,27.46299934387207,26.99099922180176,27.19599914550781,22619000,-0.00779071369047124,-0.007821219846822988,0.0028300549183940316,0.014327625076933836,0.22744399699043763
2019-02-06,22.967153549194336,27.621000289916992,28.0,27.27499961853028,27.32699966430664,27064000,0.023000123357401314,0.022739607553452165,0.004050650764679675,0.015989236632350017,0.2538212626977722
2019-02-07,22.375118255615234,26.90900039672852,27.457000732421875,26.6299991607666,27.285999298095703,28646000,-0.02577747792346119,-0.026115539342189,0.0007931385324432272,0.020469099361656397,0.32493687883448275
2019-02-08,22.788379669189453,27.4060001373291,27.429000854492188,26.70599937438965,26.732999801635746,23903000,0.018469686231513238,0.0183011930915842,0.005560702230553827,0.021428875830425964,0.3401728579379389
2019-02-11,22.926403045654297,27.57200050354004,27.600000381469727,27.327999114990234,27.440000534057617,18012000,0.00605674376451848,0.0060384754193498515,0.0027916723479001204,0.019956362045639258,0.31679742627797824
2019-02-12,23.23157119750977,27.93899917602539,28.03899955749512,27.70599937438965,27.864999771118164,19809000,0.01331077322717289,0.013222963239532195,0.007011969731428947,0.019381921882276172,0.307678471385902
2019-02-13,23.39205551147461,28.131999969482425,28.215999603271484,27.79700088500977,28.0,19190000,0.0069080266935213075,0.006884275596526532,0.003793550398652945,0.01728607977667383,0.2744080093938113
2019-02-14,23.40702247619629,28.14999961853028,28.28400039672852,27.895000457763672,28.059999465942383,16015000,0.0006398311048099181,0.0006396265001588717,0.009077012204307167,0.006913023981590384,0.1097408535762823
2019-02-15,23.442773818969727,28.19300079345703,28.40900039672852,27.878999710083008,28.40900039672852,17352000,0.0015273767865944254,0.001526211533040232,0.005688550315323404,0.005062753746078529,0.08036872416770663
2019-02-19,23.42032241821289,28.166000366210938,28.28300094604492,28.01499938964844,28.114999771118164,15152000,-0.0009577109317442378,-0.0009581698298765299,0.004285659376070861,0.005846422179093533,0.0928090748722429
2019-02-20,23.566669464111328,28.34199905395508,28.663000106811523,28.22800064086914,28.325000762939453,16150000,0.006248720375626959,0.006229278073431925,0.0028732488057616745,0.003505318086558116,0.055645199539257346
2019-02-21,23.36045837402344,28.0939998626709,28.334999084472656,27.89299964904785,28.323999404907227,13254000,-0.008750115938186198,-0.008788622994686352,-0.0002583797205798266,0.005452905390342898,0.08656218951366537
2019-02-22,22.99126434326172,27.64999961853028,28.0,27.465999603271484,27.9950008392334,27225000,-0.015804228874732207,-0.015930447323087373,-0.0035471917164882514,0.008742452892334898,0.1387821372108929
2019-02-25,23.165884017944336,27.86000061035156,28.08300018310547,27.847999572753903,28.077999114990234,19245000,0.007595044451472077,0.007566347313791201,-0.0023336581835127213,0.009959377408385319,0.15810021501373514
2019-02-26,22.866539001464844,27.5,27.801000595092773,27.44499969482422,27.792999267578125,27211000,-0.012921804160273775,-0.013006016912052809,-0.004726476829218629,0.010935544024875786,0.17359637964611796
2019-02-27,22.574684143066406,27.14900016784668,27.51000022888184,26.95800018310547,27.32200050354004,29146000,-0.012763403258348016,-0.012845555264436292,-0.008528901556013624,0.009356676175427675,0.14853262955006755
2019-02-28,22.89647674560547,27.535999298095703,27.57099914550781,26.863000869750977,26.996999740600582,31460000,0.01425457829220167,0.014153937062387094,-0.00392796270993605,0.013814705779274565,0.21930165556492356
2019-03-01,22.6794548034668,27.27499961853028,27.81599998474121,27.113000869750977,27.77300071716309,19035000,-0.00947839899343117,-0.009523604897006557,-0.002662796733675843,0.012699830739564143,0.20160356297700133
2019-03-04,22.85739517211914,27.48900032043457,27.65800094604492,27.086000442504883,27.5,17382000,0.007845883871297366,0.007815264975028935,-0.0026126288497107853,0.012750875278280203,0.20241386990838556
2019-03-05,23.033672332763672,27.701000213623047,28.04400062561035,27.452999114990234,27.549999237060547,21699000,0.007712040646676632,0.007682454874967459,0.0015141401116792962,0.011890204747724889,0.18875114880071728
2019-03-06,22.563032150268555,27.13500022888184,27.69300079345703,27.04800033569336,27.666000366210938,19973000,-0.02043270285761889,-0.02064433835033234,-1.9719808174878394e-05,0.014418390306641592,0.22888485034342787
2019-03-07,22.077436447143555,26.551000595092773,27.03300094604492,26.40800094604492,27.01799964904785,25411000,-0.021521739626613967,-0.02175670969134638,-0.007174983391938006,0.01444084659383864,0.22924133285118725
2019-03-08,21.967679977416992,26.41900062561035,26.47599983215332,25.920000076293945,26.1560001373291,22167000,-0.0049714318050165796,-0.004983830481966613,-0.006273589954255088,0.01440173224739525,0.22862041185088308
2019-03-11,22.37262725830078,26.9060001373291,27.05500030517578,26.405000686645508,26.48900032043457,27161000,0.01843377549655134,0.01826593296694859,-0.004156011629204292,0.017452172096176704,0.2770446432263063
2019-03-12,22.420015335083008,26.96299934387207,27.00300025939941,26.427000045776367,26.97599983215332,23324000,0.0021181274883415036,0.002115887418923773,-0.005274794260871319,0.016662600543259683,0.26451058339844924
2019-03-13,22.55139923095703,27.121000289916992,27.308000564575195,26.902000427246094,27.051000595092773,32089000,0.0058601162358900005,0.005843012541967866,-1.6230442169540283e-05,0.014718445901518329,0.23364808524465222
2019-03-14,22.30111122131348,26.81999969482422,27.22599983215332,26.78899955749512,27.208999633789062,43094000,-0.011098557880167892,-0.011160606400214993,0.0020684059071196747,0.011237583277117295,0.1783911041317836
2019-03-15,24.137924194335938,29.02899932861328,29.95499992370605,28.350000381469727,28.645999908447266,144066000,0.08236419050127819,0.07914771390263294,0.01953553036837863,0.036665667304350676,0.5820494240492634
2019-03-18,24.43310737609864,29.38400077819824,29.69799995422364,29.020999908447266,29.02300071716309,56746000,0.012229020995598638,0.012154850593704136,0.018294579468188087,0.03681696638516958,0.5844512224979004
2019-03-19,24.88794708251953,29.93099975585937,30.097999572753903,29.410999298095703,29.416000366210938,51556000,0.01861571266476858,0.01844456109528653,0.021594096503473503,0.0357279565598489,0.5671637274592739
2019-03-20,24.41562271118164,29.10300064086914,29.89999961853028,29.02899932861328,29.799999237060547,41263000,-0.018978036628406136,-0.019160430909402688,0.016626465930614277,0.03994089572117164,0.6340420633163039
2019-03-21,24.89968681335449,29.68000030517578,29.937000274658203,29.100000381469727,29.1879997253418,27379000,0.01982599861977552,0.01963202315566552,0.022811377230602958,0.0368489994070903,0.5849597309563649
2019-03-22,24.551523208618164,29.26499938964844,29.643999099731445,29.13999938964844,29.59199905395508,23307000,-0.013982649956448157,-0.014081328141261736,0.003542009139057689,0.018588404747094302,0.29508177738134406
2019-03-25,24.510417938232425,29.215999603271484,29.417999267578125,28.89999961853028,29.21999931335449,23878000,-0.0016742452204069336,-0.0016756483352602183,0.0007613558958565747,0.01799444453449118,0.28565295131405455
2019-03-26,24.91897964477539,29.702999114990234,29.94700050354004,29.42300033569336,29.437000274658203,28009000,0.016668900039671364,0.016531498709130177,0.00037199337083713144,0.01752650867682931,0.27822469986063647
2019-03-27,24.830053329467773,29.597000122070312,29.86800003051757,29.246000289916992,29.756999969482425,21862000,-0.0035686178397060786,-0.0035750005458327033,0.003453877128577143,0.014338137464955384,0.2276108759767802
2019-03-28,25.090126037597656,29.90699958801269,30.32999992370605,29.566999435424805,29.711000442504883,33030000,0.010474109929567987,0.010419636483900782,0.0015834993905356365,0.01210448765849437,0.19215278455335982
2019-03-29,25.227706909179688,30.07099914550781,30.26700019836425,29.827999114990234,30.121999740600582,24493000,0.0054834667381051805,0.005468487269035039,0.0054767227294463035,0.008414173843653365,0.13357086887022765
2019-04-01,25.65389442443848,30.57900047302246,30.674999237060547,29.975000381469727,30.31100082397461,27040000,0.016893628770663804,0.01675251845032175,0.009190297527660452,0.008565183855431629,0.13596807849010498
2019-04-02,25.42402648925781,30.30500030517578,30.73500061035156,30.26099967956543,30.61599922180176,22857000,-0.008960352427493157,-0.00900073781115505,0.0040644470342275476,0.010435448957353438,0.16565761656279285
2019-04-03,25.5205020904541,30.420000076293945,30.739999771118164,30.18199920654297,30.621999740600582,22266000,0.0037946625502871534,0.0037874809803747,0.005537103112226193,0.009572877107273964,0.1519647129433818
2019-04-04,25.335935592651367,30.200000762939453,30.600000381469727,30.16699981689453,30.475000381469727,15228000,-0.00723208725081359,-0.00725836556852647,0.0019958636761498783,0.010518272278977637,0.16697239603343653
2019-04-05,25.527212142944336,30.42799949645996,30.444000244140625,30.18000030517578,30.39999961853028,18875000,0.007549614640970592,0.007521258927402462,0.0024090932567229608,0.010728037893401356,0.1703023219297035
2019-04-08,25.543989181518555,30.44799995422364,30.530000686645508,30.200000762939453,30.41399955749512,13899000,0.0006572217318630003,0.0006570058562408388,-0.0008381881510372002,0.007087070802667678,0.11250376120659354
2019-04-09,25.45758056640625,30.34499931335449,30.410999298095703,30.02899932861328,30.257999420166016,11621000,-0.003382737696069116,-0.0033884720888457706,0.00027733479524760796,0.0058135512572575635,0.0922872651649824
2019-04-10,25.79818725585937,30.7509994506836,30.777000427246094,30.299999237060547,30.36000061035156,14992000,0.013379381774503152,0.013290668258167777,0.0021942786400908076,0.008308251694428271,0.13188940687912923
2019-04-11,25.95758628845215,30.94099998474121,31.018999099731445,30.62299919128418,30.815000534057617,16669000,0.006178691200738218,0.006159681352065311,0.004876434330401169,0.006464471337255642,0.1026203010953015
2019-04-12,26.59685516357422,31.702999114990234,31.74399948120117,31.05699920654297,31.13500022888184,30087000,0.02462743908536913,0.024329072454608774,0.008291999219280876,0.011088095384104648,0.17601805739822465
2019-04-15,26.544002532958984,31.63999938964844,31.75200080871582,31.316999435424805,31.702999114990234,16216000,-0.001987175938289787,-0.0019891529919978737,0.007763119685250319,0.011594788525648757,0.18406156165951124
2019-04-16,26.72018051147461,31.850000381469727,32.000999450683594,31.61000061035156,32.0,21116000,0.0066372047055400785,0.006615275441584757,0.009767108165572158,0.009933707546135208,0.15769271858351666
2019-04-17,26.890491485595703,32.053001403808594,32.09400177001953,31.78400039672852,32.02399826049805,18138000,0.0063738706423766,0.006353643433802489,0.008366005939146848,0.00978984531883864,0.15540897652462127
2019-04-18,26.730249404907227,31.86199951171875,32.244998931884766,31.81599998474121,32.104000091552734,26548000,-0.005959061059717441,-0.005976887117063066,0.005938455487055716,0.011772026994500553,0.18687513512752554
2019-04-22,26.426551818847656,31.5,31.78899955749512,31.420000076293945,31.73200035095215,13504000,-0.011361569488529177,-0.011426605193515797,-0.0012593462277239453,0.00783092406470025,0.12431206566616763
2019-04-23,26.48024559020996,31.56399917602539,31.80900001525879,31.41900062561035,31.676000595092773,19777000,0.0020318114799982023,0.0020297501427466195,-0.0004555487440663475,0.007943000343451006,0.12609122143483195
2019-04-24,26.370342254638672,31.433000564575195,31.701000213623047,31.319000244140625,31.45800018310547,23335000,-0.00415038958747127,-0.004159026359932435,-0.0026130676026686174,0.00693605213827214,0.11010641423067523
2019-04-25,26.159767150878903,31.18199920654297,31.295000076293945,30.65699958801269,31.295000076293945,26732000,-0.007985300369877768,-0.008017353631525894,-0.0054849018051194905,0.004982317345179444,0.0790918358888902
2019-04-26,26.041484832763672,31.041000366210938,31.09499931335449,30.51099967956543,30.915000915527344,16404000,-0.0045215355868050144,-0.004531788646893955,-0.005197396710537006,0.004989586558200941,0.0792072310681824
2019-04-29,26.23527717590332,31.27199935913086,31.46699905395508,31.04400062561035,31.124000549316406,13404000,0.007441677937497282,0.007414125259903157,-0.0014367472253317137,0.00613638035114936,0.09741201815546648
2019-04-30,26.7117919921875,31.84000015258789,31.84199905395508,31.25300025939941,31.332000732421875,18953000,0.018163132529121828,0.018000153353951887,0.0017895169844930115,0.010847823956842985,0.17220386673609123
2019-05-01,26.753738403320312,31.88999938964844,32.31999969482422,31.86899948120117,32.04999923706055,18158000,0.0015703331002683285,0.0015691014165126805,0.002933661522040931,0.010355208306355577,0.16438383571732326
2019-05-02,26.49534797668457,31.582000732421875,32.21900177001953,31.42300033569336,31.99799919128418,20428000,-0.009658105448309029,-0.00970504744039618,0.002599100506354679,0.010813077355040985,0.17165228153245515
2019-05-03,26.48611640930176,31.57099914550781,31.665000915527344,31.069000244140625,31.4950008392334,19214000,-0.0003484221981508995,-0.000348482911267923,0.003433723184085502,0.01027365592420555,0.16308923178536
2019-05-06,26.138795852661133,31.15699958801269,31.19300079345703,30.53499984741211,30.679000854492188,14371000,-0.013113306279913917,-0.013200044801053036,-0.0006772736593967377,0.012200727762487354,0.1936805488412584
2019-05-07,25.77973747253418,30.72900009155273,30.96199989318848,30.37299919128418,30.864999771118164,21734000,-0.013736607537351397,-0.01383182773792619,-0.0070572216726913824,0.007202389264388797,0.11433438503432516
2019-05-08,25.452545166015625,30.339000701904297,30.766000747680664,30.31100082397461,30.530000686645508,15099000,-0.012691840127043386,-0.012773069562508057,-0.009909656318153725,0.005570681089320821,0.08843182077355971
2019-05-09,25.508752822875977,30.4060001373291,30.584999084472656,29.684999465942383,30.0,22282000,0.0022083314848764246,0.002205896704778365,-0.0075363689315166345,0.00779021560439891,0.12366583889288549
2019-05-10,25.500362396240234,30.395999908447266,30.540000915527344,29.666000366210938,30.32299995422364,21025000,-0.00032892343635937404,-0.0003289775435379386,-0.00753246917915833,0.0077947170079435595,0.12373729645886482
2019-05-13,24.612768173217773,29.33799934387207,29.56800079345703,28.81999969482422,29.381999969482425,37864000,-0.03480712192362123,-0.03542732396095023,-0.011871232307899793,0.014677083030058572,0.23299147001628795
2019-05-14,25.335935592651367,30.200000762939453,30.459999084472656,29.54800033569336,29.569000244140625,34277000,0.029381799493017002,0.028958427385648928,-0.003247550901826113,0.023388889820481172,0.37128711544129994
2019-05-15,25.534761428833008,30.437000274658203,30.777000427246094,29.86100006103516,30.027000427246094,18166000,0.007847582160704247,0.007816950042163895,0.0008603335557234137,0.023117604078176257,0.36698058779104176
2019-05-16,24.9407958984375,29.72900009155273,30.309999465942383,29.46999931335449,29.975000381469727,34233000,-0.023261056581669104,-0.023535864877260167,-0.004233544057585692,0.02543610077875382,0.40378558190255387
2019-05-17,24.319976806640625,28.98900032043457,29.35700035095215,28.840999603271484,29.277999877929688,39094000,-0.02489171132809631,-0.02520674884706756,-0.009146101635933079,0.026827358210814764,0.42587110895197544
2019-05-20,22.86861801147461,27.25900077819824,27.9950008392334,26.86400032043457,27.799999237060547,65162000,-0.05967763895110778,-0.06153252522158263,-0.014120205041430389,0.03409570490572211,0.541252535735914
2019-05-21,23.09848403930664,27.53300094604492,27.97800064086914,27.46500015258789,27.708999633789062,25060000,0.010051592436267631,0.010001411168613517,-0.017986246452780262,0.028579662287581083,0.4536880738029053
2019-05-22,22.58589553833008,26.92200088500977,27.506000518798828,26.89699935913086,27.04800033569336,31809000,-0.02219143473243912,-0.02244136914231025,-0.023994049831408938,0.024683075103924524,0.3918316699038844
2019-05-23,21.8199462890625,26.00900077819824,26.54899978637696,25.816999435424805,26.45800018310547,46607000,-0.03391272433575654,-0.03450110137219378,-0.026124383382226425,0.025060766179300323,0.3978273298510019
2019-05-24,21.471784591674805,25.5939998626709,26.573999404907227,25.573999404907227,26.270000457763672,27963000,-0.015956120733542578,-0.01608479017364591,-0.02433726526331568,0.025485648584149975,0.40457212892907735
2019-05-28,21.34929847717285,25.44799995422364,25.77300071716309,25.00900077819824,25.65699958801269,61965000,-0.005704514870619737,-0.005720847759329735,-0.013542640447218068,0.016686003754803867,0.2648820978642061
2019-05-29,21.319095611572266,25.41200065612793,25.636999130249023,25.15800094604492,25.27400016784668,28132000,-0.001414700611023778,-0.001415702244719181,-0.01583589905667635,0.01301724634170215,0.20664237945005529
2019-05-30,21.528833389282227,25.66200065612793,25.733999252319336,25.41200065612793,25.465999603271484,17310000,0.009838024160655046,0.009789945874021572,-0.009430007278057517,0.016517983090626454,0.2622148525090061
2019-05-31,21.11104393005371,25.16399955749512,25.573999404907227,25.100000381469727,25.304000854492188,22192000,-0.019406042662604484,-0.01959681199345883,-0.006528670943427106,0.011719685857159738,0.1860442453310731
2019-06-03,21.240238189697266,25.31800079345703,25.83300018310547,25.1200008392334,25.2549991607666,28911000,0.006119747563010591,0.006101097956472462,-0.0021134972841164723,0.011435045204562328,0.18152571505232185
2019-06-04,22.290586471557617,26.56999969482422,26.600000381469727,25.576000213623047,25.69599914550781,36805000,0.04945087114747282,0.048267047508217135,0.008917579919502039,0.0253012173541249,0.4016443739172368
2019-06-05,22.292266845703125,26.57200050354004,27.150999069213867,26.239999771118164,26.900999069213867,23651000,7.538492303260647e-05,7.53820817320894e-05,0.009215597026313315,0.025157457735316927,0.3993622607176007
2019-06-06,22.885393142700195,27.27899932861328,27.5,26.527999877929688,26.70199966430664,32687000,0.0266068184587247,0.02625901290919474,0.012569355885927247,0.026350613815186715,0.41830302629332183
2019-06-07,23.05989646911621,27.48699951171875,27.78700065612793,27.327999114990234,27.47800064086914,25963000,0.007625096292989797,0.007596172185935289,0.017975583677046103,0.02020706862514957,0.3207772698465698
2019-06-10,23.507884979248047,28.020999908447266,28.47699928283692,27.67200088500977,27.67300033569336,23280000,0.019427169186636117,0.01924087070385543,0.02063706800177121,0.019101251569995436,0.30322296830573997
2019-06-11,23.78222274780273,28.347999572753903,29.174999237060547,27.94099998474121,29.04899978637696,37105000,0.01167003194021321,0.011602462302609874,0.013080900160319287,0.010297152129716351,0.16346222248457146
2019-06-12,23.46761131286621,27.972999572753903,28.31599998474121,27.74099922180176,28.16699981689453,27057000,-0.01322884905556554,-0.013317129711283014,0.010420053364599658,0.015097883268806978,0.23967146671647727
2019-06-13,23.625333786010746,28.160999298095703,28.28899955749512,27.74099922180176,28.152000427246094,37735000,0.006720857570112537,0.00669837329306781,0.006442861186877225,0.012086839061712642,0.1918726217649176
2019-06-14,22.309886932373047,26.593000411987305,26.80900001525879,25.746999740600582,25.81100082397461,100797000,-0.05567950343273509,-0.0572896613813087,-0.006218058758267753,0.030168952379947062,0.47891727187614086
2019-06-17,22.31324005126953,26.597000122070312,26.8700008392334,26.13400077819824,26.483999252319336,35785000,0.0001502974401730306,0.00015028614664434745,-0.01007343310756037,0.02715336737069768,0.43104634392505115
2019-06-18,23.326679229736328,27.80500030517578,28.302000045776367,26.645999908447266,26.815000534057617,54920000,0.0454187368637724,0.04441751028870907,-0.0033236921228485317,0.03649667477083467,0.5793667507466027
2019-06-19,23.27969741821289,27.749000549316406,27.90699958801269,27.371000289916992,27.87800025939941,28920000,-0.002014080575324484,-0.002016111563113337,-0.0010807384268003207,0.03607796356310489,0.5727199163857517
2019-06-20,23.410568237304688,27.905000686645508,28.545000076293945,27.715999603271484,28.2509994506836,57291000,0.00562167182591522,0.005605929201211974,-0.001300575575639784,0.036021846082202345,0.5718290789937225
2019-06-21,23.20644187927246,27.39900016784668,28.100000381469727,27.395999908447266,27.660999298095703,45399000,-0.008719410650910753,-0.008757647140655645,0.008091442980725084,0.02148961863814067,0.34113712011683245
2019-06-24,23.647729873657227,27.920000076293945,27.94499969482422,27.5,27.552000045776367,20506000,0.019015754189310563,0.018837214562009215,0.01186453433055259,0.02140275991587284,0.3397582806469274
2019-06-25,23.419883728027344,27.650999069213867,28.288000106811523,27.60199928283692,27.916000366210938,24436000,-0.009635011345579314,-0.009681728389075089,0.0008537846886822464,0.011858282404357507,0.18824439730981823
2019-06-26,23.83745002746582,28.143999099731445,28.402999877929688,27.809999465942383,27.857999801635746,24774000,0.01782956330132257,0.01767248102834191,0.004822513464011658,0.013817324399085208,0.21934322486570668
2019-06-27,24.19911003112793,28.57099914550781,28.84499931335449,28.222999572753903,28.292999267578125,21813000,0.015171924985491358,0.015057982372022,0.006732564095926885,0.014593697371377135,0.23166776372160555
2019-06-28,24.38121032714844,28.785999298095703,28.93000030517578,28.48200035095215,28.785999298095703,49265000,0.007525082359899571,0.0074969101713898475,0.00998146269808895,0.011842633394388355,0.18799597697796178
2019-07-01,25.439096450805664,30.03499984741211,30.575000762939453,29.632999420166016,30.167999267578125,44832000,0.043389401488377555,0.04247445388576916,0.014856192157902348,0.01921359465190583,0.3050063594432607
2019-07-02,25.013904571533203,29.53300094604492,30.066999435424805,29.38999938964844,29.88800048828125,19011000,-0.016714110899917367,-0.016855367853168737,0.013440372247034737,0.021584086347379634,0.342636748510266
2019-07-03,24.12965965270996,28.48900032043457,28.87800025939941,28.302000045776367,28.3700008392334,49411000,-0.03535013561335587,-0.03599007831612872,0.002804432464099049,0.03024534558257347,0.4801299763721723
2019-07-05,23.940784454345703,28.266000747680664,28.54400062561035,28.19700050354004,28.364999771118164,24565000,-0.007827511912006813,-0.007858307691525615,-0.001795454915400585,0.029637021898576026,0.47047313726524503
2019-07-08,23.28860282897949,27.496000289916992,28.11899948120117,27.43899917602539,28.0,34291000,-0.027241447606276337,-0.02761937518107968,-0.008748760908635767,0.030952770779902484,0.4913600032320525
2019-07-09,23.33688163757324,27.55299949645996,27.597999572753903,27.24099922180176,27.34499931335449,26131000,0.0020730659090322234,0.0020709200730285064,-0.017012028024504834,0.014913183062361198,0.23673944183633033
2019-07-10,23.24964904785156,27.450000762939453,27.8799991607666,27.39999961853028,27.785999298095703,30134000,-0.0037379711255522974,-0.0037449747980845983,-0.014416800069631818,0.01606275122341066,0.2549882706518587
2019-07-11,23.381771087646484,27.606000900268555,27.7450008392334,27.295000076293945,27.52400016784668,20712000,0.005682754157836811,0.005666668223262794,-0.006210222115393282,0.012855892054059934,0.20408095954160355
2019-07-12,24.172006607055664,28.53899955749512,28.593000411987305,27.63800048828125,27.63800048828125,21971000,0.033797077066873404,0.03323850640771956,0.002114695680382761,0.021866314973399095,0.3471169890541317
2019-07-15,24.4218692779541,28.833999633789062,29.448999404907227,28.72699928283692,29.11000061035156,30334000,0.010336860938367609,0.010283800927394015,0.00963035738931155,0.01445629551710129,0.22948657690504742
2019-07-16,24.06528663635254,28.413000106811523,28.77899932861328,28.23900032043457,28.698999404907227,14617000,-0.014600956116141872,-0.014708599155007978,0.006295552984276731,0.018099566416723355,0.2873217094604787
2019-07-17,24.14574432373047,28.507999420166016,28.72900009155273,28.319000244140625,28.55599975585937,15453000,0.0033433089160215257,0.0033377324844663953,0.007711808992591496,0.01738096984825724,0.27591434258160424
2019-07-18,24.543834686279297,28.97800064086914,29.030000686645508,28.3799991607666,28.61800003051757,19357000,0.016486978293627663,0.016352543668380095,0.009872653819749666,0.017733673705469452,0.2815133427374248
2019-07-19,24.56246566772461,29.0,29.31599998474121,28.952999114990234,29.183000564575195,22047000,0.0007590900803990941,0.0007588021172414503,0.003265056422454804,0.011729343884764348,0.1861975617662563
2019-07-22,25.08336067199707,29.614999771118164,29.999000549316406,29.224000930786133,29.299999237060547,33905000,0.021206950935586333,0.02098521299695258,0.0054390744218985486,0.014129573774248845,0.22430003002801643
2019-07-23,25.47551155090332,30.077999114990234,30.23600006103516,29.92099952697754,29.950000762939453,19692000,0.015633905043036966,0.015512954539901055,0.011486046653734316,0.00891742397967188,0.1415597171132142
2019-07-24,25.728759765625,30.37700080871582,30.488000869750977,30.049999237060547,30.1200008392334,19006000,0.009940849046962574,0.009891763838116883,0.012805554679922527,0.007833577604706455,0.12435418930786991
2019-07-25,25.44247817993164,30.03899955749512,30.21299934387207,29.940000534057617,30.21299934387207,15741000,-0.011126909664563311,-0.011189276791032661,0.007282777088284331,0.012768754446879976,0.20269769291096712
2019-07-26,25.48737335205078,30.09199905395508,30.302000045776367,30.05299949645996,30.15900039672852,14996000,0.0017645754396107272,0.0017630204054177071,0.007483874160126658,0.01264766991975127,0.20077553563256467
2019-07-29,25.55681800842285,30.17399978637696,30.2549991607666,29.69599914550781,30.12299919128418,12068000,0.002724669012096559,0.0027209638302207184,0.003787417775428703,0.010073014271209092,0.15990414428654273
2019-07-30,25.37217903137207,29.95599937438965,30.093000411987305,29.709999084472656,29.90900039672852,11164000,-0.007224646549892411,-0.0072508706918870324,-0.0007842925431571724,0.008400685834650794,0.13335675336521444
2019-07-31,24.56162452697754,28.999000549316406,30.08300018310547,28.66699981689453,30.00300025939941,20819000,-0.031946586195545135,-0.03246801367783873,-0.009161779591658713,0.014030631910934167,0.22272937664051254
2019-08-01,24.167770385742188,28.53400039672852,29.78199958801269,28.23200035095215,28.913000106811523,21911000,-0.016035345740374685,-0.016165303042899537,-0.010143466806820989,0.014370109200487754,0.22811841154399087
2019-08-02,23.59097480773925,27.85300064086914,28.38400077819824,27.590999603271484,28.207000732421875,20080000,-0.023866313226114433,-0.024155727795576117,-0.01526964453996602,0.01361182121063823,0.21608096288413742
2019-08-05,22.670307159423828,26.766000747680664,27.224000930786133,26.40800094604492,27.19499969482422,27765000,-0.03902626558752409,-0.03980820190203166,-0.02361983145989015,0.012580543729113006,0.1997099403912369
2019-08-06,22.566972732543945,26.643999099731445,27.218000411987305,26.45599937438965,27.01300048828125,22199000,-0.004558139691412499,-0.004568559686053168,-0.023086530088194168,0.013474088792555374,0.21389452852982455
2019-08-07,22.872737884521484,27.0049991607666,27.27199935913086,26.299999237060547,26.402999877929688,22244000,0.013549232127913813,0.013458262077351384,-0.013987366423502378,0.019848859268886385,0.31509087260275626
2019-08-08,22.951505661010746,27.097999572753903,27.256000518798828,26.25,27.038000106811523,29163000,0.003443740617626867,0.0034378245213494596,-0.010091549151902069,0.021211265694393987,0.3367184041216936
2019-08-09,23.35382461547852,27.57299995422364,28.05500030517578,26.95800018310547,26.95800018310547,30735000,0.017529087651587894,0.017377225298569807,-0.0018124689763616031,0.022528375323121165,0.357626871283818
2019-08-12,23.3461971282959,27.56399917602539,27.82099914550781,27.253999710083008,27.33799934387207,20040000,-0.0003266054836074117,-0.00032665883079434496,0.005927463044421733,0.009326295787557545,0.14805035584383927
2019-08-13,24.028867721557617,28.3700008392334,28.549999237060547,27.202999114990234,27.530000686645508,22340000,0.029241190310789866,0.028821822302404234,0.012687329044862205,0.011758212503027008,0.18665583687395862
2019-08-14,23.000633239746094,27.1560001373291,28.01499938964844,27.038000106811523,27.878999710083008,27108000,-0.04279163270306896,-0.04373418155598379,0.001419156078665651,0.027364831238236163,0.4344032287537476
2019-08-15,22.753313064575195,26.86400032043457,27.277999877929688,26.48500061035156,27.200000762939453,20010000,-0.010752755047783613,-0.010810983706868739,-0.001420143054416445,0.02783471005268313,0.44186232368993483
2019-08-16,23.18865776062012,27.37800025939941,27.575000762939453,27.19799995422364,27.21500015258789,17458000,0.0191332442360983,0.0189525054921705,-0.0010993117375143636,0.028115556441064556,0.4463206218915423
2019-08-19,23.61215591430664,27.87800025939941,28.006999969482425,27.56100082397461,27.950000762939453,17489000,0.018263159431578746,0.018098391039187284,0.002618641245522868,0.0294411718468436,0.46736411407838624
2019-08-20,23.7468204498291,28.03700065612793,28.496000289916992,27.701000213623047,27.81599998474121,17920000,0.005703186782739733,0.005686985184307148,-0.0020889594600871585,0.025773422256671796,0.40914039435726424
2019-08-21,24.350719451904297,28.75,28.826000213623047,28.405000686645508,28.464000701904297,19381000,0.025430730962533676,0.02511274964973693,0.011555513273033368,0.014377454140862495,0.22823500885774783
2019-08-22,24.360885620117188,28.761999130249023,28.94099998474121,28.45499992370605,28.839000701904297,12294000,0.0004174894393971229,0.00041740231492930555,0.013789562170469515,0.010347543396319015,0.16426215904265268
2019-08-23,23.04891395568848,27.21299934387207,28.54800033569336,27.104999542236328,28.39900016784668,25742000,-0.05385566374258921,-0.055360146243731305,-0.0008082194252679864,0.03126552466607903,0.4963248172584053
2019-08-26,23.48002243041992,27.722000122070312,27.795000076293945,27.5,27.69499969482422,14249000,0.018704068901478133,0.018531298815662487,-0.0007200375312881091,0.03133330957062048,0.4974008692587709
2019-08-27,23.340272903442383,27.55699920654297,28.02199935913086,27.49099922180176,27.915000915527344,14298000,-0.005951848103708857,-0.00596963094726478,-0.003051044508577827,0.031169100156364222,0.4947941256204251
2019-08-28,23.381771087646484,27.606000900268555,27.641000747680664,27.04700088500977,27.433000564575195,17202000,0.001777964823966638,0.0017763861154907747,-0.007781597736291235,0.027323379852132585,0.4337452083989737
2019-08-29,24.000919342041016,28.33699989318848,28.54899978637696,28.104999542236328,28.14900016784668,16429000,0.026479955349560935,0.026135430106028645,-0.0025691045542584725,0.031452531335538554,0.4992934561038075
2019-08-30,23.939085006713867,28.263999938964844,28.59000015258789,27.989999771118164,28.535999298095703,16720000,-0.0025763319498698367,-0.00257965640418729,0.0076867618042854025,0.014149397820116545,0.22461472700008686
2019-09-03,23.21152687072754,27.405000686645508,28.084999084472656,27.093000411987305,28.0,22210000,-0.030392061174530305,-0.030863475968067468,-0.002132464210916285,0.020293789325664,0.3221539182890647
2019-09-04,23.97127342224121,28.302000045776367,28.434999465942383,27.81999969482422,27.878999710083008,19865000,0.0327314336426443,0.03220716954189553,0.005604192138354347,0.02524369210152891,0.4007311888423858
2019-09-05,24.648855209350582,29.10199928283692,29.36800003051757,28.836000442504883,28.836000442504883,20938000,0.028266407677812078,0.02787428489660032,0.010901880709123435,0.02696101092503005,0.42799278001515006
2019-09-06,24.724239349365234,29.19099998474121,29.32999992370605,28.93000030517578,29.184999465942383,13748000,0.003058322156318738,0.0030536550024649377,0.006217554070474996,0.02557691762790639,0.40602098008214627
2019-09-09,24.78352928161621,29.26099967956543,29.71999931335449,29.040000915527344,29.5,21686000,0.0023980487898205283,0.0023951780593398824,0.007212430218413069,0.02524392084185956,0.40073481998256405
2019-09-10,24.938520431518555,29.444000244140625,29.44499969482422,28.881999969482425,29.13500022888184,20850000,0.006253796549360313,0.006234322711826833,0.014541601763191192,0.01472463569842943,0.23374634522440885
2019-09-11,25.240901947021484,29.801000595092773,29.87800025939941,29.45499992370605,29.631999969482425,19260000,0.012125078403639522,0.012052158488522233,0.010420330715390235,0.010692343193883265,0.1697356861414152
2019-09-12,25.45857048034668,30.058000564575195,30.232999801635746,29.64699935913086,30.14299964904785,33109000,0.008623643235176948,0.008586672022834897,0.00649177782686321,0.00402749288845518,0.06393446753960165
2019-09-13,24.58956718444824,29.03199958801269,29.79899978637696,28.388999938964844,29.76499938964844,62557000,-0.034134017719859355,-0.03473018909381505,-0.0009466901483724088,0.01888713459431914,0.2998239666910395
2019-09-16,24.4489688873291,28.86599922180176,29.027000427246094,28.56999969482422,28.68000030517578,22176000,-0.005717802841526232,-0.005734212055856894,-0.002569860474641761,0.01887656113385996,0.29965611820980537
2019-09-17,24.46336936950684,28.882999420166016,28.93000030517578,28.375,28.802000045776367,21912000,0.0005890016157368283,0.0005888282223678002,-0.0037028194613664576,0.018377987832337753,0.2917415124128202
2019-09-18,24.371049880981445,28.77400016784668,29.076000213623047,28.38800048828125,28.849000930786133,16510000,-0.00377378467908307,-0.0037809233700663537,-0.006882592077910976,0.01620130907391939,0.2571878083397092
2019-09-19,24.616674423217773,29.06399917602539,29.19499969482422,28.722999572753903,28.850000381469727,19421000,0.010078537586023728,0.010028087816179185,-0.00659161320774162,0.016558554475045343,0.26285890327011396
2019-09-20,24.29784202575684,28.426000595092773,28.84000015258789,28.18199920654297,28.76700019836425,35524000,-0.01295188748810927,-0.013036494524058237,-0.002355187161391603,0.008498167737718462,0.13490423060229256
2019-09-23,24.400415420532227,28.54599952697754,28.715999603271484,28.20800018310547,28.36199951171875,14850000,0.004221502249732945,0.004212616707225018,-0.00036732614313976785,0.008675585309537914,0.13772064724177582
2019-09-24,24.13115882873535,28.231000900268555,28.88999938964844,27.975000381469727,28.73200035095215,20292000,-0.011034918346935374,-0.011096254703586765,-0.002692110135674208,0.009835178943931842,0.15612862551277518
2019-09-25,23.572134017944336,27.57699966430664,27.72100067138672,27.0,27.174999237060547,55588000,-0.023166098849978556,-0.02343865045085232,-0.0065705729698533055,0.01350670947817881,0.21441236586036072
2019-09-26,23.669578552246094,27.69099998474121,27.86599922180176,27.26799964904785,27.525999069213867,27477000,0.0041338868270297535,0.004125365792137674,-0.007759503121652101,0.011832683618094515,0.1878380291759164
2019-09-27,23.43280792236328,27.41399955749512,28.12800025939941,27.29599952697754,27.663000106811523,28660000,-0.01000316204871099,-0.010053529847199193,-0.007169758033772444,0.011579980138716134,0.1838264858046608
2019-09-30,23.5977783203125,27.60700035095215,27.67200088500977,27.25,27.57900047302246,19826000,0.007040146383471946,0.0070154802540310125,-0.006606029207024644,0.012318232237240483,0.19554587455006267
2019-10-01,23.49349594116211,27.48500061035156,27.96500015258789,27.33799934387207,27.82699966430664,19429000,-0.00441916089450789,-0.004428954248936625,-0.0052828777165391475,0.012076517155943219,0.19170876659058475
2019-10-02,23.084917068481445,27.006999969482425,27.3799991607666,26.832000732421875,27.34600067138672,19543000,-0.01739114832904909,-0.01754415087075082,-0.004127887612353253,0.010043650667033437,0.1594380115210708
2019-10-03,23.457597732543945,27.44300079345703,27.450000762939453,26.722000122070312,27.0,17096000,0.016143903092956435,0.016014976029247275,-0.0017258843591679174,0.01339160332313385,0.21258511229662988
2019-10-04,24.05593681335449,28.14299964904785,28.170000076293945,27.520000457763672,27.849000930786133,25884000,0.025507261554768457,0.02518737949476347,0.005376200361527972,0.016869151073608524,0.26778947141727844
2019-10-07,23.5986385345459,27.607999801635746,28.10199928283692,27.56999969482422,28.0009994506836,18658000,-0.019009788824965845,-0.01919279788140664,0.00016621331984041366,0.019965350980786684,0.3169401211996865
2019-10-08,23.10713577270508,27.03300094604492,27.489999771118164,26.891000747680664,27.4060001373291,22757000,-0.020827589740878838,-0.02104754341848679,-0.003115472449433776,0.022137794390867906,0.35142659120230263
2019-10-09,23.34818649291992,27.315000534057617,27.49099922180176,27.20199966430664,27.36800003051757,16329000,0.010431873624924703,0.010377837107786168,0.0024491319413609824,0.02112604622070653,0.33536558691627266
2019-10-10,23.45930862426757,27.44499969482422,27.87800025939941,27.364999771118164,27.45599937438965,17340000,0.004759347428604288,0.004748057542121316,0.000172220808490553,0.019856409751297537,0.3152107327951871
2019-10-11,24.011489868164062,28.090999603271484,28.40800094604492,27.90900039672852,27.948999404907227,23697000,0.023537831090439054,0.023265087908450905,-0.0002216652843753275,0.01923811162645171,0.3053955543485493
2019-10-14,24.07559967041016,28.166000366210938,28.26499938964844,27.988000869750977,28.04199981689453,13312000,0.0026699635298805813,0.0026664055090386135,0.004114285186593958,0.01613834993421505,0.2561883629812117
2019-10-15,24.815832138061523,29.03199958801269,29.062000274658203,28.21999931335449,28.263999938964844,21230000,0.030746169473865104,0.030282976346562844,0.014429037029542745,0.012216535538784544,0.19393148951043823
2019-10-16,24.65855407714844,28.847999572753903,29.01000022888184,28.65399932861328,28.89999961853028,20046000,-0.0063378112826550925,-0.006357980472757359,0.011075100048026787,0.015459747486943775,0.245415883093854
2019-10-17,24.73976325988769,28.94300079345703,29.17099952697754,28.832000732421875,29.013999938964844,13125000,0.0032933473100318356,0.003287936119145353,0.010781900024312296,0.015622518064450079,0.24799978590689428
2019-10-18,24.508968353271484,28.67300033569336,28.99399948120117,28.39999961853028,28.950000762939453,16981000,-0.009328905219978867,-0.009372691990802174,0.004208552762228712,0.0158267062410866,0.2512411727231341
2019-10-21,24.751728057861328,28.957000732421875,29.190000534057617,28.70599937438965,28.8439998626709,13031000,0.009904933618205103,0.009856201292630002,0.005655546779893617,0.015980856214243066,0.2536882276846098
2019-10-22,24.57137107849121,28.746000289916992,29.086000442504883,28.724000930786133,28.958999633789062,13046000,-0.007286641924495241,-0.007313319170453644,-0.0019510154997784523,0.008219078629587508,0.13047382835984467
2019-10-23,23.9610538482666,28.03199958801269,28.35400009155273,27.8759994506836,28.29599952697754,20957000,-0.02483855004570157,-0.025152231996034065,-0.005651163252387748,0.013288649362066765,0.21095076883179467
2019-10-24,24.13115882873535,28.231000900268555,28.350000381469727,27.8700008392334,28.28899955749512,16896000,0.007099227836385724,0.0070741469517649844,-0.00488998714711697,0.014018060367532061,0.22252980957588317
2019-10-25,24.77309799194336,28.98200035095215,29.136999130249023,28.32200050354004,28.326000213623047,20869000,0.026602086031756844,0.026254403123061903,0.0022962111032301725,0.019364035728965404,0.30739453750447077
2019-10-28,24.920974731445312,29.155000686645508,29.24799919128418,28.832000732421875,29.11599922180176,12999000,0.005969246944812712,0.005951501572923467,0.0015090737685516942,0.019054947696832143,0.3024879171069651
2019-10-29,24.63120460510254,28.81599998474121,29.3700008392334,28.80699920654297,29.22800064086914,13272000,-0.011627559895445838,-0.011695688598645197,0.0006408901743615747,0.01964562255706784,0.311864589822254
2019-10-30,24.809001922607425,29.02400016784668,29.097000122070312,28.652000427246094,29.0009994506836,17281000,0.007218376866069187,0.007192449080033406,0.007052275556715726,0.013530835961476922,0.21479536190926488
2019-10-31,25.032094955444336,29.28499984741211,29.40800094604492,28.780000686645508,28.979999542236328,27881000,0.008992422731589844,0.008952231661995458,0.00743091453575655,0.013558938162951303,0.21524147052763273
2019-11-01,25.35177421569824,29.65900039672852,29.65900039672852,29.208999633789062,29.29899978637696,21234000,0.012770775311571558,0.01268991665137588,0.004664652391719493,0.009461745105361376,0.150200547104813
2019-11-04,26.07064819335937,30.5,30.54599952697754,29.90999984741211,29.95199966430664,34075000,0.02835596323731826,0.027961374836716978,0.009141995650220603,0.014295468784880042,0.2269335316792758
2019-11-05,26.84336471557617,31.40399932861328,31.67799949645996,30.44700050354004,30.5,38711000,0.029639329121614377,0.029208575017804148,0.017395373453632644,0.010789076966562549,0.17127128717675785
2019-11-06,26.768138885498047,31.31599998474121,31.42799949645996,30.871000289916992,31.20599937438965,18076000,-0.002802399433721958,-0.002806333506629829,0.015391218193674417,0.013692263378432264,0.21735794270957307
2019-11-07,26.646766662597656,31.17399978637696,31.950000762939453,31.065000534057617,31.558000564575195,23981000,-0.004534204765582195,-0.004544515450988002,0.012685892694240008,0.016350812458006906,0.25956110098645807
2019-11-08,26.789512634277344,31.340999603271484,31.36000061035156,30.51300048828125,30.98699951171875,17830000,0.005356971578846403,0.005342674044857482,0.011203131947694978,0.016674151062701204,0.2646939422101845
2019-11-11,26.733097076416016,31.27499961853028,31.323999404907227,31.083999633789062,31.1200008392334,9154000,-0.0021058822021697843,-0.0021081026900327594,0.005110762859797368,0.01422528282251611,0.2258193640676196
2019-11-12,26.970722198486328,31.55299949645996,31.63999938964844,31.326000213623047,31.39999961853028,16875000,0.008888798832064504,0.008849526013606371,0.000960656801887394,0.005829682174230831,0.09254333553336658
2019-11-13,26.811731338500977,31.367000579833984,31.57099914550781,31.200000762939453,31.24799919128418,12625000,-0.005894942627612476,-0.005912386389001735,0.0003421481631092904,0.00645884400714175,0.10253096999914176
2019-11-14,26.409990310668945,30.89699935913086,31.18400001525879,30.61100006103516,31.075000762939453,17268000,-0.01498377791273553,-0.01509716882153634,-0.0017477664663213765,0.0094357450691496,0.1497878093254428
2019-11-15,26.74677276611328,31.291000366210938,31.30599975585937,31.007999420166016,31.22699928283692,18120000,0.012752085535914892,0.01267146237863627,-0.0002687436749076788,0.011235702062495015,0.17836124077546386
2019-11-18,26.58949279785156,31.10700035095215,31.340999603271484,30.80299949645996,31.18199920654297,15850000,-0.005880334410325094,-0.0058976916544287925,-0.0010236341165387407,0.01151335722180721,0.1827688797861084
2019-11-19,27.156211853027344,31.770000457763672,32.56700134277344,31.665000915527344,31.665000915527344,31743000,0.021313646690604537,0.021089687590980424,0.0014613354551692658,0.01500043329459856,0.23812449633432647
2019-11-20,26.64077949523925,31.16699981689453,31.683000564575195,30.89999961853028,31.59000015258789,19927000,-0.018980274589757706,-0.019162712167099062,-0.0011557309372597802,0.017532479912925468,0.27831949029501696
2019-11-21,26.9467887878418,31.52499961853028,31.56999969482422,30.979999542236328,31.11400032043457,19317000,0.011486499209125478,0.011421030239627655,0.004138324487112421,0.016263666509470774,0.25817770194089745
2019-11-22,26.9185848236084,31.492000579833984,31.94799995422364,31.371000289916992,31.66399955749512,13216000,-0.0010466539985695134,-0.0010472021233639236,0.0013785765802155404,0.015593536106894856,0.24753971159370058
2019-11-25,27.3203239440918,31.96199989318848,32.018001556396484,31.62700080871582,31.660999298095703,19636000,0.014924228859574562,0.014813958337321183,0.005539489234195472,0.015944124384883886,0.2531051279705007
2019-11-26,27.033973693847656,31.62700080871582,32.018001556396484,31.604999542236328,31.89999961853028,30793000,-0.010481217237033102,-0.010536532044922144,-0.0008194835513320564,0.014339776214649203,0.22763689032168577
2019-11-27,27.21945571899414,31.8439998626709,31.99399948120117,31.64699935913086,31.79400062561035,20182000,0.006861071452055834,0.0068376414103954375,0.004348785657030651,0.010224214988362568,0.162304381260399
2019-11-29,27.02884864807129,31.621000289916992,31.77899932861328,31.5,31.684999465942383,9229000,-0.007002604052433137,-0.007027237349701206,0.0006509650047189286,0.010340164338806199,0.16414502013611898
2019-12-02,26.559574127197266,31.07200050354004,31.792999267578125,31.05599975585937,31.77199935913086,23158000,-0.01736198707478087,-0.017514473933165322,-0.002612101610523343,0.013191119246244463,0.20940252624096387
2019-12-03,26.20057487487793,30.652000427246094,30.89999961853028,30.3129997253418,30.582000732421875,18736000,-0.013516754847048396,-0.013608937796540791,-0.008300298351847934,0.009295606124493145,0.14756317254610665
2019-12-04,26.474092483520508,30.972000122070312,31.136999130249023,30.71299934387207,30.975000381469727,14439000,0.010439374324753281,0.010385260341538662,-0.004116180039490658,0.012293472530882367,0.19515282639671133
2019-12-05,26.59975242614746,31.11899948120117,31.246000289916992,30.9060001373291,31.05900001525879,15494000,0.0047465250302791695,0.004735295799544667,-0.0045390893238459904,0.01184980059960221,0.18810975283350914
2019-12-06,27.01516914367676,31.604999542236328,31.63400077819824,31.20599937438965,31.464000701904297,16937000,0.015617315186774006,0.015496619922008292,-1.5105476004562135e-05,0.014659047425578662,0.23270516367109656
2019-12-09,26.87242317199707,31.4379997253418,31.71500015258789,31.393999099731445,31.600000381469727,24694000,-0.0052839192277684965,-0.005297928500004474,0.0024005080933979126,0.011802762793800266,0.18736305081528856
2019-12-10,26.9305477142334,31.506000518798828,31.590999603271484,31.325000762939453,31.51000022888184,14563000,0.0021629810554970597,0.002160645179670848,0.005536455273907004,0.007980400589108568,0.12668493192872776
2019-12-11,27.32887458801269,31.972000122070312,32.1349983215332,31.51799964904785,31.51799964904785,20829000,0.01479089389514221,0.014682575402711928,0.00640675918798479,0.008839768785315321,0.14032697911953512
2019-12-12,28.01953125,32.779998779296875,33.01599884033203,31.94300079345703,31.972999572753903,38935000,0.025272049156764398,0.024957991185834374,0.010511864013281835,0.012056631046084964,0.19139308438320804
2019-12-13,26.961320877075195,31.54199981689453,31.97699928283692,31.062000274658203,31.80599975585937,70952000,-0.03776688351718249,-0.03849853284613529,-0.00016497572750946433,0.024063700390309774,0.3819994011403655
2019-12-16,27.620344161987305,32.3129997253418,32.7599983215332,31.75300025939941,31.79700088500977,37921000,0.024443286288412747,0.02414932971057188,0.005780465375726784,0.02607138437647472,0.41387039637196127
2019-12-17,27.67762565612793,32.380001068115234,32.494998931884766,32.17499923706055,32.374000549316406,20248000,0.0020738877765129615,0.002071740239912204,0.005762646719929964,0.026074505126622124,0.41391993674472527
2019-12-18,27.9887638092041,32.74399948120117,33.119998931884766,32.35499954223633,32.439998626708984,35155000,0.011241504489648557,0.011178788356164364,0.0050527688388312345,0.025814280315199015,0.4097889959287599
2019-12-19,27.703266143798828,32.40999984741211,32.92599868774414,32.37099838256836,32.92100143432617,31787000,-0.010200438552823377,-0.010252819536608924,-0.0020417287030863205,0.023652113198734386,0.3754656570299977
2019-12-20,27.543529510498047,31.89999961853028,32.24700164794922,31.69099998474121,32.24700164794922,50540000,-0.0057659855871015075,-0.005782673059397448,0.004358450882929877,0.013878596328913138,0.2203158865977489
2019-12-23,27.58928871154785,31.952999114990234,32.233001708984375,31.76099967956543,32.05400085449219,20254000,0.0016613412247099557,0.0016599627239397468,-0.00019793812981068194,0.008223930436684382,0.1305508484097702
2019-12-24,27.67304420471192,32.04999923706055,32.06800079345703,31.900999069213867,32.0,7024000,0.0030357974806727306,0.003031198752355367,-5.556188978728116e-06,0.008301248796171709,0.13177823931566793
2019-12-26,27.455463409423828,31.79800033569336,32.17399978637695,31.68199920654297,32.12699890136719,15848000,-0.007862553670587635,-0.007893626527536739,-0.0038263678210259666,0.005871242504426042,0.09320308532198011
2019-12-27,27.330263137817383,31.652999877929688,31.934999465942383,31.52199935913086,31.93000030517578,14487000,-0.0045601223239041255,-0.004570551399025164,-0.0026983045752421164,0.004781028621730151,0.07589647646507929
2019-12-30,27.0651912689209,31.34600067138672,31.732999801635746,31.27499961853028,31.652000427246094,13104000,-0.009698840715869239,-0.009746180816232946,-0.0034848756009956626,0.005655446673343771,0.08977743270393096
2019-12-31,27.28622817993164,31.60199928283692,31.63599967956543,31.280000686645508,31.312000274658203,12487000,0.008166833510042881,0.008133665388567858,-0.0021837771439290775,0.007562254953324411,0.12004707574417653
2020-01-02,27.83623313903809,32.23899841308594,32.25,31.73200035095215,31.93199920654297,20329000,0.020156870179329767,0.019956409764510328,0.0012404373958023295,0.012668712813524349,0.20110958121529696
2020-01-03,27.128219604492188,31.41900062561035,32.0,31.40800094604492,31.7509994506836,22870000,-0.02543496208734397,-0.02576402248455265,-0.0022740442875489376,0.017384905242219705,0.2759768150240188
2020-01-06,27.08763885498047,31.371999740600582,31.39200019836425,30.96299934387207,31.084999084472656,20789000,-0.0014958869436827449,-0.0014970068995811615,-0.0016611972115046613,0.017338116892372277,0.2752340729963105
2020-01-07,26.994388580322266,31.263999938964844,31.65800094604492,31.225000381469727,31.52499961853028,18565000,-0.0034425397930560875,-0.0034484789676502356,-0.00040993702694203105,0.016831387327969252,0.26718999054006354
2020-01-08,26.65764617919922,30.874000549316406,31.349000930786133,30.840999603271484,31.29800033569336,31979000,-0.012474533369076446,-0.012552993546050183,-0.004538210402765896,0.01673292177313458,0.2656268983152723
2020-01-09,26.44351387023925,30.6259994506836,31.29899978637696,30.30500030517578,31.23200035095215,42397000,-0.008032678786435876,-0.008065114564910731,-0.010176120195919024,0.009531485382837449,0.15130763968821098
2020-01-10,25.83566093444824,29.92200088500977,30.55500030517578,29.8799991607666,30.545000076293945,40705000,-0.022986844289068498,-0.023255161614524487,-0.00968649663626393,0.00856563766139779,0.13597528243648463
2020-01-13,26.00489616394043,30.11800003051757,30.3799991607666,29.96699905395508,30.00200080871582,22054000,0.0065504509414946455,0.00652908996964846,-0.008077229059228452,0.010921129325985613,0.17336755339519433
2020-01-14,26.60930061340332,30.81800079345703,30.915000915527344,30.15900039672852,30.200000762939453,28911000,0.023241948195162676,0.0229759675054335,-0.0027403314615846996,0.01798667842097959,0.2855296680840236
2020-01-15,26.17412376403809,30.31399917602539,30.788000106811523,30.06999969482422,30.731000900268555,22733000,-0.016354313692334643,-0.016489521662996942,-0.003516287526236339,0.018585328143531272,0.295032937813881
2020-01-16,26.511728286743164,30.70499992370605,30.785999298095703,30.42099952697754,30.5,21508000,0.01289840782249696,0.012815931809385865,0.0006699297955502281,0.019641028771816744,0.311791665742149
2020-01-17,26.66196250915528,30.878999710083008,30.893999099731445,30.40699958801269,30.86599922180176,26896000,0.005666707986262676,0.005650712595584479,0.0064006402506164625,0.014527557136858875,0.2306178200484607
2020-01-21,26.599794387817383,30.80699920654297,30.951000213623047,30.632999420166016,30.780000686645508,21967000,-0.002331715878624796,-0.002334438561265753,0.004624206886592574,0.015038722421631323,0.23873231738260517
2020-01-22,27.02287673950196,31.29700088500977,31.79199981689453,31.049999237060547,31.07999992370605,29264000,0.015905474512928786,0.01578030793136598,0.0031569121501457964,0.012985902229972977,0.20614480710184557
2020-01-23,27.599653244018555,31.96500015258789,31.979999542236328,31.082000732421875,31.51799964904785,30266000,0.02134400826665006,0.021119415113822124,0.010696576541942737,0.009224755585863824,0.1464384551132977
2020-01-24,27.97524642944336,32.400001525878906,33.15800094604492,32.07699966430664,33.04999923706055,55782000,0.013608619720836712,0.01351685405417818,0.010838618921610688,0.0092724796680191,0.14719605143088776
2020-01-27,26.682689666748047,30.902999877929688,31.988000869750977,30.86400032043457,31.641000747680664,38843000,-0.04620358808832237,-0.04730503501261507,0.0004645597066936791,0.027535770879181732,0.43711681142861547
2020-01-28,27.48395538330078,31.83099937438965,31.92300033569336,31.277000427246094,31.35300064086914,23166000,0.030029420817769825,0.029587365734351362,0.006936787045972603,0.03037140074706301,0.48213104007246027
2020-01-29,27.41487693786621,31.7509994506836,32.542999267578125,31.714000701904297,32.082000732421875,23668000,-0.00251340989574389,-0.0025165738129884,0.003253010164238068,0.030127668927997397,0.4782619173934143
2020-01-30,27.215425491333008,31.520000457763672,31.552000045776367,30.858999252319336,31.43199920654297,21128000,-0.007275299720850281,-0.007301893778865772,-0.002470851433262,0.02850637594862934,0.45252468923871714
2020-01-31,26.348539352416992,30.516000747680664,31.45800018310547,30.36199951171875,31.416000366210938,22123000,-0.03185274980147135,-0.032371085300639174,-0.011563125337723612,0.02933365479382809,0.46565733377452073
2020-02-03,26.35457992553711,30.52300071716309,30.65999984741211,30.36400032043457,30.5629997253418,21288000,0.00022925646994398363,0.0002292301946952485,-0.002276556426070342,0.022077986845621025,0.3504771758548117
2020-02-04,26.90458869934082,31.15999984741211,31.457000732421875,30.96500015258789,31.179000854492188,22559000,0.020869570881331345,0.020654784578898504,-0.004108526413358038,0.01887482772173678,0.2996286011454202
2020-02-05,27.40365600585937,31.738000869750977,31.981000900268555,31.586000442504883,31.75,24825000,0.01854952372978591,0.018379579685017522,0.00010406031174792219,0.021489240860851383,0.3411311230882819
2020-02-06,27.603105545043945,31.9689998626709,31.988000869750977,31.42300033569336,31.88400077819824,22683000,0.007278209124429447,0.00725185077750358,0.0030147620808038678,0.021223821662559997,0.33691772393711505
2020-02-07,27.21801376342773,31.52300071716309,31.85199928283692,31.48699951171875,31.832000732421875,15883000,-0.013951031016702253,-0.014049261329467886,0.0065951058377576866,0.01422851773142231,0.2258707166544981
2020-02-10,27.12908172607422,31.420000076293945,31.459999084472656,31.030000686645508,31.23699951171875,19218000,-0.003267396295941638,-0.0032727458912292988,0.005895775284580562,0.014697809882632945,0.23332049860052528
2020-02-11,27.643686294555664,32.01599884033203,32.07899856567383,31.60099983215332,31.665000915527344,15527000,0.01896874260903747,0.01879107919605792,0.0055156096301217875,0.014230844597677478,0.22590765451116981
2020-02-12,28.03569221496582,32.470001220703125,32.50899887084961,32.16299819946289,32.20399856567383,15310000,0.014180667376744172,0.014081062253444564,0.0046418383595134395,0.013336516408728703,0.21171063464057036
2020-02-13,27.97265243530273,32.39699935913086,32.54600143432617,32.095001220703125,32.14799880981445,13857000,-0.0022485544205481656,-0.002251086215002998,0.0027364856505179167,0.013544610522327673,0.21501402628384614
2020-02-14,27.437332153320312,31.777000427246094,32.56999969482422,31.709999084472656,32.48400115966797,19137000,-0.019137272849635845,-0.01932276075717474,0.0016992372839311986,0.015235112194701438,0.24184990838008477
2020-02-18,26.831199645996094,31.075000762939453,31.5009994506836,30.80500030517578,31.5,26693000,-0.022091524931693085,-0.02233919710129169,-0.002065588443219091,0.01870092195752093,0.29686793272336554
2020-02-19,27.257736206054688,31.569000244140625,31.683000564575195,31.170000076293945,31.299999237060547,20525000,0.01589703649803975,0.015772001991351283,-0.0026799296654186344,0.017869133054817566,0.28366369324422713
2020-02-20,26.70082092285156,30.92399978637696,31.569000244140625,30.61199951171875,31.395999908447266,25521000,-0.02043145766006138,-0.020643067180123095,-0.009602354672779746,0.016343659612651006,0.2594475530865888
2020-02-21,26.291553497314453,30.450000762939453,30.94499969482422,30.22900009155273,30.850000381469727,24522000,-0.015327896723461354,-0.015446583304828667,-0.012218223133362382,0.015913441274170128,0.25261804868810994
2020-02-24,25.177722930908203,29.15999984741211,29.8799991607666,29.006000518798828,29.420000076293945,36849000,-0.04236457790598114,-0.04328813493167494,-0.016863684144631443,0.021011772710852302,0.333551551185172
2020-02-25,24.40754508972168,28.26799964904785,29.57299995422364,28.10700035095215,29.410999298095703,31892000,-0.030589654326565463,-0.031067283383705308,-0.018563310023605915,0.02186667937358201,0.34712277372770184
2020-02-26,24.683835983276367,28.58799934387207,28.81999969482422,28.39999961853028,28.434999465942383,23074000,0.011319896881847313,0.011256306291772997,-0.019478737946844404,0.02008673192966663,0.31886698402751074
2020-02-27,23.65376091003418,27.395000457763672,28.5310001373291,27.35400009155273,28.030000686645508,34837000,-0.04173075343476096,-0.04262648980422045,-0.02373859710178432,0.02245784783088116,0.3565072820534574
2020-02-28,23.53892135620117,27.261999130249023,27.413000106811523,26.27400016784668,26.33300018310547,44586000,-0.004855023024448291,-0.004866846934493048,-0.021644022361981707,0.023881650849330294,0.3791094542700145
2020-03-02,24.605268478393555,28.496999740600582,28.540000915527344,27.114999771118164,27.676000595092773,31976000,0.04530144376864009,0.04430530675583851,-0.004110818027057461,0.03462882011887103,0.5497154773807374
2020-03-03,23.679668426513672,27.424999237060547,28.847999572753903,27.15699958801269,28.46500015258789,29930000,-0.03761796188863675,-0.03834377813739524,-0.005516479539471719,0.0360844191717406,0.5728223959958216
2020-03-04,24.646709442138672,28.545000076293945,28.57200050354004,27.47699928283692,27.753999710083008,23477000,0.04083845255798524,0.04002659272776889,0.00038723159575586584,0.041531278456020254,0.6592886065512251
2020-03-05,23.66153144836425,27.40399932861328,28.30900001525879,27.2450008392334,27.72599983215332,24374000,-0.039971988799853975,-0.040792816612448976,0.0007389845227372627,0.04109048465906778,0.6522912219540482
2020-03-06,23.26521682739257,26.94499969482422,27.093000411987305,26.25,26.69799995422364,30169000,-0.01674932249573713,-0.01689117862467585,-0.001639875371520505,0.04183289617041907,0.6640766393310908
2020-03-09,21.38896942138672,24.77199935913086,26.027000427246094,24.424999237060547,25.107999801635746,43934000,-0.08064603136630777,-0.08408406360942927,-0.026829370398510077,0.04434494546140755,0.7039541855616408
2020-03-10,22.699670791625977,26.290000915527344,26.36800003051757,24.34000015258789,25.65900039672852,55071000,0.06127931385645424,0.05947508027037682,-0.007049915249491878,0.058216211352038555,0.9241537050592159
2020-03-11,21.23787498474121,24.597000122070312,25.64900016784668,24.249000549316406,25.38800048828125,36030000,-0.06439722497755473,-0.06656427824140566,-0.02809705075659987,0.055536064078331615,0.881607686079678
2020-03-12,18.89019775390625,21.87800025939941,24.275999069213867,21.631999969482425,22.698999404907227,64281000,-0.11054200255542035,-0.11714299340198137,-0.04221105350771315,0.06707672511485777,1.0648100004873247
2020-03-13,20.223339080810547,23.42200088500977,23.44700050354004,20.11599922180176,22.551000595092773,84714000,0.07057318003082425,0.06819418731908342,-0.024746553002400872,0.08447497840749299,1.3409987092426654
2020-03-16,16.196287155151367,18.757999420166016,21.8799991607666,18.02300071716309,20.81800079345703,76935000,-0.19912893264398435,-0.22205530946920068,-0.048443133257936186,0.1151313499626133,1.827653520649322
2020-03-17,17.226360321044922,19.951000213623047,20.0009994506836,18.14800071716309,19.18199920654297,70662000,0.0635993395292409,0.061658759409890386,-0.04797912812337886,0.1156874396601956,1.8364811709280093
2020-03-18,14.494457244873049,16.78700065612793,18.74799919128418,15.56700038909912,18.56599998474121,98993000,-0.15858852510094024,-0.1726744700543665,-0.06681738814805596,0.12621887673023152,2.00366255154066
2020-03-19,16.789466857910156,19.44499969482422,20.746999740600582,16.5,16.763999938964844,74438000,0.1583370507956683,0.1469853996634973,-0.01304157747783823,0.15656333365204045,2.485365871647174
2020-03-20,16.879030227661133,19.222000122070312,20.86800003051757,18.791000366210938,20.200000762939453,74044000,0.005334497545928851,0.005320319513330802,-0.026089313974817306,0.15045210624857852,2.3883531441576342
2020-03-23,16.98879623413086,19.347000122070312,19.597000122070312,17.774999618530273,19.288000106811523,46921000,0.006503099111099697,0.006482045189938109,0.0150370923761995,0.11533212297900981,1.830840693477467
2020-03-24,18.68266868591309,21.275999069213867,21.871000289916992,20.128999710083008,20.56399917602539,62970000,0.09970526624948284,0.09504220412885317,0.02225827772024789,0.1201620516146838,1.907513433598564
2020-03-25,19.103281021118164,21.7549991607666,24.39999961853028,20.92200088500977,21.2189998626709,64442000,0.02251350394722884,0.022263815641966653,0.058478683529881705,0.06799004459791927,1.0793084978057095
2020-03-26,21.353004455566406,24.316999435424805,24.479999542236328,22.60300064086914,22.60300064086914,60213000,0.11776633720465268,0.11133235217781322,0.050364540811678585,0.05409417820505786,0.8587184574419606
2020-03-27,20.257123947143555,23.069000244140625,24.208999633789062,23.0,23.299999237060547,39448000,-0.05132207557504498,-0.05268592214364156,0.03903322618748382,0.0695973960770537,1.1048244115052785
2020-03-30,21.08430290222168,24.01099967956543,24.13599967956543,22.8439998626709,23.21999931335449,52343000,0.040833978072922106,0.040022293794855814,0.0458994019798483,0.06723931486212904,1.0673910327093765
2020-03-31,20.81999397277832,23.709999084472656,25.270999908447266,23.606000900268555,23.799999237060547,50191000,-0.012535815420082419,-0.012615051644418514,0.023451185645935246,0.06341232800571615,1.0066394997526882
2020-04-01,19.63717460632324,22.363000869750977,23.44099998474121,21.968000411987305,22.79899978637696,41858000,-0.056811705517378686,-0.05848934026577671,0.007586143753013741,0.07291647285082989,1.157513121859733
2020-04-02,20.816478729248047,23.70599937438965,23.795000076293945,22.145000457763672,22.239999771118164,45049000,0.0600546741864314,0.05832048621496487,-0.003956188850630515,0.05294901438922022,0.8405395454391437
2020-04-03,20.57060813903809,23.426000595092773,24.2549991607666,23.05500030517578,23.66399955749512,28960000,-0.0118113439553299,-0.011881652048772546,0.0039459574733125,0.04669140486498343,0.7412030738218651
2020-04-06,22.167007446289062,25.24399948120117,25.340999603271484,24.356000900268555,24.45800018310547,38868000,0.07760583918865227,0.07474176479704607,0.011300329696458533,0.055935157346790644,0.8879430953092531
2020-04-07,22.239891052246094,25.32699966430664,26.549999237060547,25.25300025939941,26.18400001525879,45892000,0.0032879316765526134,0.003282538248113714,0.01446507911578554,0.05468300884008178,0.8680658539896179
2020-04-08,22.927452087402344,26.11000061035156,26.21999931335449,25.36400032043457,25.677000045776367,27565000,0.03091566561819148,0.03044740306468239,0.032010553342899574,0.03745647227975727,0.5946030638521338
2020-04-09,22.330337524414062,25.43000030517578,26.75,25.131000518798828,26.57900047302246,34828000,-0.02604365110924689,-0.026388792677812897,0.014790888283763914,0.0409670076998486,0.6503310859936058
2020-04-13,22.82383918762207,25.992000579833984,26.152000427246094,25.280000686645508,25.350000381469727,25729000,0.022100053914028583,0.021859387101183476,0.021573167857635613,0.03817371949566544,0.6059890104232126
2020-04-14,23.5008602142334,26.76300048828125,26.83799934387207,26.23200035095215,26.61199951171875,23094000,0.029662889798947267,0.02923145721267331,0.01198457797969461,0.023953128740815004,0.38024413062066137
2020-04-15,22.606067657470703,25.74399948120117,26.23200035095215,25.61599922180176,26.100000381469727,25926000,-0.038074885285295235,-0.038818674678287694,0.003712014587325041,0.03310268563859011,0.5254888435683527
2020-04-16,22.68070602416992,25.82900047302246,26.176000595092773,25.410999298095703,26.176000595092773,26896000,0.003301696156542633,0.003296257525637439,-0.0018107793050047283,0.02954138899861085,0.46895501204246237
2020-04-17,23.34718894958496,26.58799934387207,26.74300003051757,25.893999099731445,26.32200050354004,34089000,0.0293854576089827,0.028961981081146154,0.00927504243864119,0.028558144893017466,0.45334649575364105
2020-04-20,22.679828643798828,25.827999114990234,26.525999069213867,25.791000366210938,26.0,23801000,-0.02858418232821114,-0.029000665826712794,-0.0008618048098067543,0.03169121399865313,0.5030824259169902
2020-04-21,21.746395111083984,24.76499938964844,25.47900009155273,24.68000030517578,25.45599937438965,29138000,-0.041156992293681416,-0.04202792166411086,-0.01502578122833249,0.030439227126825424,0.48320775047154735
2020-04-22,22.828229904174805,25.996999740600582,26.222000122070312,25.073999404907227,25.47699928283692,35438000,0.04974777601366287,0.04854992199327016,0.00253875103145913,0.03817058666283801,0.6059392782438495
2020-04-23,22.73690414428711,25.89299964904785,26.520000457763672,25.85199928283692,26.02499961853028,21659000,-0.0040005624733521206,-0.004008586129979525,0.0010782993054801794,0.038273655052697975,0.6075754382094574
2020-04-24,23.25323486328125,26.481000900268555,26.506999969482425,25.88800048828125,25.981000900268555,23373000,0.022708927992902472,0.022454918617580893,-0.00025700661773586653,0.03713880841189698,0.5895603062829184
2020-04-27,23.572864532470703,26.84499931335449,27.121999740600582,26.434999465942383,26.434999465942383,16588000,0.013745600174286832,0.013651986289398182,0.008208949882763727,0.0337359095657745,0.535540961781626
2020-04-28,23.246206283569336,26.472999572753903,27.641000747680664,26.41200065612793,27.42399978637696,18988000,-0.013857384555509111,-0.013954294428683046,0.013668871430398188,0.024765497819357614,0.393140089948396
2020-04-29,24.237594604492188,27.60199928283692,27.698999404907227,26.92300033569336,27.107999801635746,28871000,0.042647316677369984,0.04176297566887202,0.012248779563139611,0.022255893362256782,0.3533013542526276
2020-04-30,23.851224899291992,27.16200065612793,27.405000686645508,26.8799991607666,27.35300064086914,23379000,-0.01594092613169562,-0.016069349312868724,0.009860706831470912,0.024916877267689527,0.3955431641917504
2020-05-01,22.804519653320312,25.96999931335449,26.78499984741211,25.81999969482422,26.600000381469727,26836000,-0.043884758556058445,-0.04487682775230039,-0.0034580304783212723,0.032863191933245085,0.5216869988589028
2020-05-04,23.029315948486328,26.22599983215332,26.24300003051757,25.53199958801269,25.92099952697754,17046000,0.00985753256737798,0.00980926403973081,-0.0042356439997030424,0.032397042433741835,0.5142871049621258
2020-05-05,23.258501052856445,26.48699951171875,26.893999099731445,26.371000289916992,26.655000686645508,26462000,0.009951885018329554,0.00990269112270083,0.0005262099150646904,0.03237902584467685,0.5140011004772882
2020-05-06,23.19791030883789,26.417999267578125,27.04800033569336,26.36199951171875,26.83300018310547,22727000,-0.0026051009856936647,-0.00260850016602189,-0.00852427361754804,0.022470349745866335,0.3567057438012345
2020-05-07,23.51139640808105,26.77499961853028,27.04700088500977,26.600000381469727,27.0,18238000,0.013513549068414621,0.01342305541297583,-0.002633378577525991,0.023857976355748187,0.37873363333541266
2020-05-08,24.15066337585449,27.50300025939941,27.55500030517578,27.00300025939941,27.21999931335449,16757000,0.02718966396881961,0.026826591567283346,0.01158150592744962,0.010656394234269045,0.16916501409923082
2020-05-11,24.183151245117188,27.540000915527344,27.67399978637696,27.174999237060547,27.33699989318848,20851000,0.0013452164338962902,0.0013443124408892939,0.009879042700753283,0.01163564121098379,0.18471007793422525
2020-05-12,23.572864532470703,26.84499931335449,27.77199935913086,26.82200050354004,27.65800094604492,18764000,-0.025236029269332994,-0.025559918592578012,0.002841459843220773,0.01953828099296935,0.3101605953185822
2020-05-13,23.107467651367188,26.315000534057617,27.03300094604492,25.93600082397461,27.006999969482425,21927000,-0.019742907378203833,-0.019940402312489326,-0.000586101435281261,0.02207161884060937,0.350376086909161
2020-05-14,23.41041374206543,26.65999984741211,26.69499969482422,25.475000381469727,26.09600067138672,19912000,0.013110311145683617,0.013025114841991248,-0.0006667490198274617,0.022007864992303016,0.34936402594270927
2020-05-15,22.866867065429688,26.041000366210938,26.4060001373291,25.677000045776367,25.941999435424805,21650000,-0.023218157638071113,-0.023491945258982082,-0.010748313341205606,0.017042454901805167,0.2705405844012611
2020-05-18,24.018949508666992,27.35300064086914,27.67300033569336,26.799999237060547,26.86199951171875,26531000,0.050382172596745045,0.049154071848661746,-0.0009409221086358555,0.0326785071222873,0.5187552183745512
2020-05-19,23.880205154418945,27.19499969482422,27.60300064086914,27.160999298095703,27.35300064086914,18702000,-0.0057764538868771975,-0.005793202124722853,0.0029509929678553037,0.030120318855305365,0.4781452386066461
2020-05-20,24.471172332763672,27.86800003051757,28.131000518798828,27.607999801635746,27.69700050354004,18605000,0.024747156673206705,0.024445905744356313,0.011849005778137411,0.028253853326913422,0.448516016893847
2020-05-21,24.13046264648437,27.479999542236328,27.950000762939453,27.46500015258789,27.89200019836425,14847000,-0.013922900041169473,-0.014020732752134309,0.006442363540766794,0.03045308789018517,0.48342778326853575
2020-05-22,24.29291725158692,27.665000915527344,27.725000381469727,27.051000595092773,27.374000549316406,17452000,0.0067323452302816555,0.006709784196637127,0.012432464114437347,0.0257414709008435,0.4086331823078262
2020-05-26,24.76446533203125,28.20199966430664,28.708999633789062,28.138999938964844,28.5,23573000,0.01941092852541315,0.01922493941314477,0.006238215300170968,0.016333770969480743,0.25929057574279457
2020-05-27,25.25356674194336,28.75900077819824,28.780000686645508,28.0,28.302000045776367,22812000,0.01975013000904524,0.019557626706618748,0.011343532079355456,0.015613027914856732,0.24784913445252152
2020-05-28,24.862808227539062,28.31399917602539,28.93000030517578,28.24300003051757,28.5,18543000,-0.01547339900130984,-0.015594361462307024,0.003299420944452147,0.01725556854510497,0.27392365860825835
2020-05-29,25.57671356201172,29.12700080871582,29.200000762939453,28.19099998474121,28.290000915527344,27300000,0.028713785182234774,0.028309269650493112,0.011826757989132996,0.017151696471269497,0.2722747405550591
2020-06-01,25.46431350708008,28.999000549316406,29.11000061035156,28.73699951171875,29.04199981689453,18444000,-0.004394624612701681,-0.004404309359745585,0.009601364020536329,0.018635591538441028,0.2958308444717673
2020-06-02,26.17294883728028,29.80599975585937,29.832000732421875,29.00900077819824,29.10300064086914,31847000,0.027828566044129532,0.027448388577707792,0.011284891524279606,0.020068464699029048,0.3185770007310574
2020-06-03,27.18014144897461,30.952999114990234,31.084999084472656,30.051000595092773,30.104999542236328,31926000,0.03848219846973078,0.03776022260765138,0.015031305216416713,0.023499086504706237,0.37303643357188054
2020-06-04,27.12393951416016,30.888999938964844,31.299999237060547,30.209999084472656,30.575000762939453,34997000,-0.002067757260202585,-0.0020698980218054426,0.017712433564638162,0.019587795806910162,0.3109466186219883
2020-06-05,27.84311294555664,31.70800018310547,32.81100082397461,31.50900077819824,31.96999931335449,50958000,0.02651434283803189,0.02616892994429369,0.017272545095797585,0.01930157596163325,0.30640301943662374
2020-06-08,27.881750106811523,31.75200080871582,31.88400077819824,31.336000442504883,31.75,23916000,0.0013876739045104447,0.0013867119748714226,0.018429004799240013,0.017793111256672055,0.28245688461154933
2020-06-09,27.68856430053711,31.53199958801269,31.88800048828125,31.15699958801269,31.200000762939453,22335000,-0.006928754670504689,-0.006952869948265375,0.011477540656313168,0.019871016442586986,0.31544260683096337
2020-06-10,27.663982391357425,31.503999710083008,31.92099952697754,31.46999931335449,31.665000915527344,25914000,-0.0008878000647800643,-0.0008881943926643987,0.003603540949410999,0.013163205616924419,0.20895941111274338
2020-06-11,25.794483184814453,29.375,30.854999542236328,29.34000015258789,30.761999130249023,45115000,-0.06757881710939162,-0.06997065340570396,-0.009498671020426808,0.03489091791344179,0.5538761508824137
2020-06-12,26.36525154113769,30.02499961853028,30.395000457763672,29.27300071716309,30.28199958801269,39439000,0.022127536040700946,0.021886274642286103,-0.010376032379892996,0.03379695105515622,0.5365099653849922
2020-06-15,26.702451705932617,30.40900039672852,30.674999237060547,29.24099922180176,29.5,29824000,0.01278956752105298,0.012708471723850966,-0.00809565365658449,0.03514681777954764,0.5579384353199186
2020-06-16,27.284637451171875,31.07200050354004,31.45499992370605,30.39999961853028,31.0,30387000,0.0218027075435141,0.02156842768939604,-0.0023493612137807317,0.037645206086338645,0.5975991201493631
2020-06-17,27.523481369018555,31.3439998626709,31.67099952697754,31.179000854492188,31.34199905395508,20279000,0.008753787484774511,0.008715695226719616,-0.0004210437038698167,0.03798420024518895,0.6029804855906916
2020-06-18,27.98624610900879,31.871000289916992,31.91200065612793,31.152000427246094,31.21199989318848,33625000,0.016813452258664485,0.016673670800344275,0.016457410169741404,0.005780315076696483,0.09175965715521683
2020-06-19,26.860445022583008,30.277000427246094,31.809999465942383,30.277000427246094,31.76799964904785,58465000,-0.0402269415498131,-0.041058419914258126,0.0039865146516385955,0.02518430759868133,0.39978848908479037
2020-06-22,27.81590843200684,31.35400009155273,31.417999267578125,30.35300064086914,30.549999237060547,27195000,0.035571391636308514,0.034953343597012035,0.008542879474689702,0.02895386765706497,0.4596283998844218
2020-06-23,27.617191314697266,31.1299991607666,31.74399948120117,31.128999710083008,31.506000518798828,22419000,-0.007144009615767777,-0.007169650243368881,0.0027535360428333267,0.02853059222691044,0.4529091107387851
2020-06-24,27.233049392700195,30.69700050354004,31.097000122070312,30.451000213623047,30.920000076293945,19096000,-0.01390952170406401,-0.014007165611843415,-0.0017791257949343775,0.029132920084953332,0.46247076905943135
2020-06-25,27.39983367919922,30.88500022888184,30.94799995422364,30.299999237060547,30.606000900268555,15029000,0.006124333859715669,0.006105656346528049,-0.0039169494747241405,0.027788655041712955,0.4411312230560022
2020-06-26,27.272085189819336,30.74099922180176,31.577999114990234,30.315000534057617,31.35700035095215,31425000,-0.004662381928137949,-0.004673284732652026,0.0031959624496108894,0.019480823653930276,0.3092484883380247
2020-06-29,27.482341766357425,30.97800064086914,31.041000366210938,30.44499969482422,30.80699920654297,14516000,0.007709589313565912,0.007680022298999948,-0.0023763980149376306,0.009150933936652922,0.14526657276218954
2020-06-30,27.99955368041992,31.56100082397461,31.707000732421875,30.674999237060547,30.9950008392334,25125000,0.018819790484362553,0.018644889223427066,0.002816362005088435,0.012516817397461046,0.19869831623813186
2020-07-01,27.74405097961425,31.27300071716309,31.684999465942383,31.194000244140625,31.51099967956543,15661000,-0.009125241913564563,-0.009167131966201343,0.0037732179631883244,0.011010809719551456,0.17479118550831602
2020-07-02,27.98713493347168,31.54700088500977,31.9379997253418,31.465999603271484,31.77499961853028,16638000,0.008761660437981433,0.00872349982937093,0.004300683278841477,0.01121291038033844,0.17799943403778112
2020-07-06,28.28167152404785,31.878999710083008,32.0989990234375,31.733999252319336,32.0,17561000,0.010523999376010229,0.010469007580511572,0.007337959539671113,0.010188048472447071,0.16173025561899862
2020-07-07,27.77865219116211,31.312000274658203,31.81599998474121,31.2549991607666,31.733999252319336,16150000,-0.017786053856754025,-0.01794612659442606,0.0022388309056071256,0.015134874487660719,0.24025868411115822
2020-07-08,28.35086441040039,31.957000732421875,31.983999252319336,31.41200065612793,31.61400032043457,18023000,0.02059899145936006,0.020389701463197234,0.002594671100606627,0.01563483184123154,0.24819526105327655
2020-07-09,28.522090911865234,32.150001525878906,32.43299865722656,31.52499961853028,32.000999450683594,25225000,0.006039551351458172,0.0060213863634210095,0.005627629753611174,0.014197786048739627,0.22538286631600454
2020-07-10,28.339336395263672,31.944000244140625,32.29899978637695,31.54400062561035,32.191001892089844,13280000,-0.006407472620653332,-0.006428088584679317,0.002593803141884221,0.014960861740065995,0.23749631738061408
2020-07-13,27.61807441711425,31.131000518798828,32.35300064086914,31.058000564575195,32.167999267578125,21549000,-0.025450912755669353,-0.025780389579860064,-0.004601179284451695,0.018439690567548964,0.2927210129683082
2020-07-14,27.952537536621094,31.507999420166016,31.621999740600582,30.518999099731445,30.89900016784668,18363000,0.012110298294351285,0.012037555335688682,0.0013780911457693668,0.017935739069653133,0.2847210309506831
2020-07-15,27.837203979492188,31.37800025939941,31.777000427246094,31.01700019836425,31.59499931335449,15253000,-0.004126049628868422,-0.004134585258683944,-0.0035669170718763297,0.01436445238547096,0.22802861238950808
2020-07-16,27.620738983154297,31.13400077819824,31.38800048828125,30.93000030517578,31.06100082397461,12929000,-0.007776104112229176,-0.007806495664246932,-0.0063300481646138,0.013347364179227845,0.21188283765869176
2020-07-17,27.74227333068848,31.270999908447266,31.520999908447266,31.0,31.415000915527344,13354000,0.00440011208998814,0.0043904599002394145,-0.004168531222485505,0.014180780031606567,0.22511290416324986
2020-07-20,28.1344051361084,31.71299934387207,31.76499938964844,31.025999069213867,31.184999465942383,14323000,0.014134811547189985,0.01403584657566812,0.003748613638086362,0.009657183444502277,0.15330303455689895
2020-07-21,27.88688850402832,31.43400001525879,31.92300033569336,31.26700019836425,31.92300033569336,14312000,-0.008797649386316997,-0.008836577187285284,-0.0004329758980472942,0.00965799226892238,0.1533158742465184
2020-07-22,27.83897399902344,31.3799991607666,31.56800079345703,31.03700065612793,31.5009994506836,14404000,-0.0017181732195744592,-0.0017196509721131657,4.859938381149842e-05,0.009486314135107355,0.15059056836078505
2020-07-23,27.47258186340332,30.96699905395508,31.608999252319336,30.83799934387207,31.33699989318848,19417000,-0.013161122088514277,-0.013248497138396152,-0.0010284042114455216,0.010810084369863185,0.17160476936570615
2020-07-24,27.12837219238281,30.57900047302246,31.090999603271484,30.417999267578125,30.65900039672852,15631000,-0.012529207219472815,-0.012608359575377882,-0.0044142680733377125,0.01132376932024428,0.17975926515137575
2020-07-27,27.7396183013916,31.26799964904785,31.29599952697754,30.749000549316406,30.82999992370605,20646000,0.022531617624312217,0.02228153033871616,-0.002734906857913266,0.014839323917173602,0.23556696425504517
2020-07-28,27.26676177978516,30.73500061035156,31.211000442504883,30.61599922180176,31.11800003051757,13974000,-0.01704625191553988,-0.0171932117380141,-0.004384627363757843,0.016087821472552773,0.25538624851907743
2020-07-29,27.39983367919922,30.88500022888184,31.12299919128418,30.74399948120117,30.85300064086914,16562000,0.0048803704850906016,0.004868500082695956,-0.0030649186228248306,0.016622981460635892,0.2638816499596788
2020-07-30,27.68815994262696,31.209999084472656,31.292999267578125,30.600000381469727,30.600000381469727,21259000,0.010522920204680819,0.010467939647531932,0.0016718898358141887,0.016399720411298772,0.26033749067571876
2020-07-31,28.10068702697754,31.674999237060547,31.84000015258789,31.13999938964844,31.46999931335449,24719000,0.014899042955739183,0.014789142478535461,0.007157539870856588,0.014988561962581123,0.23793604478083116
2020-08-03,28.49813461303711,32.12300109863281,32.3489990234375,31.72800064086914,31.799999237060547,20796000,0.014143696404219863,0.01404460755893063,0.005479955626838118,0.013200384754667142,0.20954961162730576
2020-08-04,29.133338928222656,32.8390007019043,32.85900115966797,32.03900146484375,32.04999923706055,25258000,0.02228932959334684,0.022044553079236376,0.01334707192861546,0.006377069528008028,0.10123284038686374
2020-08-05,29.235366821289062,32.95399856567383,33.15800094604492,32.58000183105469,32.82500076293945,22299000,0.0035021009201099407,0.0034959828446002824,0.01307141801561933,0.006847016841040557,0.10869302270438631
2020-08-06,29.20164680480957,32.91600036621094,33.0880012512207,32.54100036621094,32.777000427246094,14193000,-0.0011533980977771474,-0.0011540637732715864,0.010736154355127736,0.009435436251619408,0.1497829069991305
2020-08-07,28.915096282958984,32.59299850463867,32.972999572753906,32.14799880981445,32.8390007019043,14192000,-0.009812820618164242,-0.00986128364233453,0.005793781640347051,0.01263828825164163,0.20062660626835835
2020-08-10,29.04195976257324,32.73600006103516,32.926998138427734,32.40599822998047,32.422000885009766,11989000,0.004387447939746991,0.0043778511500725936,0.0038425319474524764,0.01174867163576087,0.18650438030149014
2020-08-11,28.74654006958008,32.40299987792969,33.332000732421875,32.2760009765625,32.75699996948242,19316000,-0.010172167973797275,-0.010224258021324555,-0.0026497675659763464,0.007026785297230369,0.11154675847629983
2020-08-12,29.599098205566406,33.36399841308594,33.5880012512207,32.5359992980957,32.584999084472656,18471000,0.02965776521009955,0.029226480242394045,0.0025813652920215757,0.016329499990588203,0.25922277605476773
2020-08-13,29.22471618652344,32.94200134277344,33.340999603271484,32.78499984741211,33.22100067138672,15095000,-0.012648426531202905,-0.012729098851894532,0.00028235960533642415,0.01773542532217935,0.2815411487906649
2020-08-14,29.082778930664062,32.78200149536133,32.98500061035156,32.599998474121094,32.801998138427734,10140000,-0.0048567539528350245,-0.00486858630908886,0.0012735729384022675,0.0171593017813589,0.27239547110989965
2020-08-17,29.3045654296875,33.03200149536133,33.17900085449219,32.900001525878906,32.95100021362305,10594000,0.007626042186415383,0.007597110920971856,0.0019212917877359458,0.01736610563698025,0.27567838054276006
2020-08-18,29.155521392822266,32.86399841308594,33.31800079345703,32.81399917602539,33.18600082397461,8857000,-0.005086034707555975,-0.005099012604804355,0.002938518440984206,0.016613274852256197,0.26372756232859934
2020-08-19,29.20608711242676,32.92100143432617,33.30899810791016,32.82400131225586,32.946998596191406,11273000,0.0017343445491235787,0.0017328423102983819,-0.002646165691210989,0.0076745033689064645,0.12182896410032339
2020-08-20,29.1723747253418,32.882999420166016,32.999000549316406,32.60599899291992,32.76900100708008,8910000,-0.0011542931771444387,-0.0011549598866153503,-0.00034733902039929543,0.005276112423277251,0.08375568816725977
2020-08-21,29.277942657470703,33.00199890136719,33.04600143432617,32.5,32.83000183105469,11508000,0.0036187637490203706,0.003612231777183664,0.0013477645199717835,0.0048056663766348085,0.0762875886991234
2020-08-24,29.63103675842285,33.400001525878906,33.61899948120117,33.11399841308594,33.20100021362305,11996000,0.012060072153398105,0.011987928938922112,0.002234570513368328,0.006398874067378035,0.10157897671861588
2020-08-25,29.82088279724121,33.61399841308594,33.70899963378906,33.29999923706055,33.5,11140000,0.006406999537888147,0.006386561965576464,0.004533177362457152,0.005029470480361062,0.07984036870425562
2020-08-26,30.13404655456543,33.96699905395508,34.1510009765625,33.35100173950195,33.4739990234375,14844000,0.010501491838906585,0.010446734197813124,0.0062866068204137536,0.0053290954087899965,0.08459676698756655
2020-08-27,30.0870304107666,33.91400146484375,34.130001068115234,33.61399841308594,34.04899978637695,12552000,-0.0015602333298879723,-0.0015614517614330754,0.006205418789865047,0.00547197362916595,0.08686488842086007
2020-08-28,30.590944290161133,34.48199844360352,34.48199844360352,33.77000045776367,33.900001525878906,14589000,0.016748541564747033,0.016609831395264268,0.008831374353010379,0.006887641505642346,0.10933791926217676
2020-08-31,30.797645568847656,34.71500015258789,35.05799865722656,34.35200119018555,34.35200119018555,22229000,0.006756943385791692,0.006734217557817972,0.0077707485994890965,0.006671067407981894,0.10589991204521014
2020-09-01,31.89682960510254,35.95399856567383,36.20700073242188,34.742000579833984,35.0,29205000,0.0356905216600949,0.03506837494399234,0.013627453023930447,0.014001442283955163,0.22226600567741742
2020-09-02,33.26926803588867,37.5009994506836,37.89599990844727,36.35699844360352,36.58599853515625,37053000,0.043027424599170416,0.04212746963189148,0.020132639575983213,0.018888892099811674,0.29985186622580595
2020-09-03,31.235898971557617,35.20899963378906,36.88999938964844,35.01599884033203,36.60100173950195,41795000,-0.0611185392518282,-0.06306604762760014,0.008220978391595168,0.04137902833614432,0.6568717108255961
2020-09-04,32.19935607910156,36.29499816894531,37.25299835205078,35.349998474121094,36.09700012207031,58514000,0.03084454551544158,0.030378413370930366,0.011040179181734078,0.04256836540916631,0.67575185154707
2020-09-08,31.098388671875,35.05400085449219,36.275001525878906,35.0,35.26599884033203,26685000,-0.03419221814628548,-0.03479044815776711,0.0028503468753186432,0.04727716104937295,0.7505016649787417
2020-09-09,31.9403018951416,36.00299835205078,36.185001373291016,35.11000061035156,35.61600112915039,26273000,0.02707256739729469,0.026712588038557732,0.0011267560227586015,0.0459181469779074,0.7289279854107305
2020-09-10,31.678600311279297,35.70800018310547,36.78300094604492,35.43899917602539,36.2130012512207,22851000,-0.008193459934143998,-0.008227210811058943,-0.00911742088390428,0.039498067938181475,0.6270123901917715
2020-09-11,31.91102600097656,35.970001220703125,36.42699813842773,35.46799850463867,36.04999923706055,17362000,0.007336993661759328,0.00731020885726518,0.0045736856988132235,0.026785205490278845,0.42520195525823834
2020-09-14,32.1328125,36.220001220703125,36.5890007019043,35.935001373291016,36.44100189208984,16447000,0.0069501525590764945,0.006926111576830731,-0.00020519289245979344,0.02275461518521138,0.3612183177542595
2020-09-15,32.5506591796875,36.69100189208984,37.11199951171875,36.53499984741211,36.630001068115234,16618000,0.013003738147337796,0.01291991543479964,0.009233998366264862,0.012697995554655781,0.20157443031973726
2020-09-16,32.562198638916016,36.70399856567383,37.20000076293945,36.6349983215332,36.81800079345703,18498000,0.0003545076972117922,0.0003544448742051554,0.0038903864262482823,0.008105803955558292,0.1286756486559054
2020-09-17,32.46283721923828,36.59199905395508,37.012001037597656,35.5,35.5,22862000,-0.0030514346030364736,-0.0030560997222260225,0.004918791492469788,0.006318577421059303,0.10030430697498462
2020-09-18,31.9136905670166,35.972999572753906,36.78400039672852,35.505001068115234,36.71200180053711,35295000,-0.016916163196488587,-0.0170608757946516,6.816012082020429e-05,0.011324443733831204,0.17976997113516657
2020-09-21,31.49382400512696,35.17900085449219,35.19599914550781,34.347999572753906,35.000999450683594,24198000,-0.013156314873955077,-0.0132436258235766,-0.00395313336578611,0.011828387632756034,0.1877698325228668
2020-09-22,32.37115859985352,36.15900039672852,36.18000030517578,35.29499816894531,35.637001037597656,19500000,0.02785735370159359,0.027476396414108695,-0.0009824102549349512,0.017606026190679396,0.2794870012597652
2020-09-23,31.47591018676757,35.15900039672852,36.12099838256836,35.005001068115234,36.018001556396484,15542000,-0.027655742080544554,-0.028045362412537654,-0.006584460210486221,0.021169867119643207,0.33606122212115513
2020-09-24,31.559175491333008,35.25199890136719,35.75699996948242,34.90900039672852,35.02000045776367,13611000,0.002645366061580612,0.0026418732392870887,-0.005445100077562803,0.021557306249625468,0.3422116276378049
2020-09-25,31.94233131408692,35.68000030517578,35.77199935913086,34.827999114990234,35.20500183105469,18183000,0.012140869233391083,0.012067760025237618,0.0003663064084131307,0.021608381543753927,0.34302242279622513
2020-09-28,32.88233947753906,36.72999954223633,36.84299850463867,35.90299987792969,36.167999267578125,22192000,0.029428289194332713,0.029003589104623455,0.008883227222070689,0.02327410829727931,0.36946501524831604
2020-09-29,32.61018753051758,36.42599868774414,37.08000183105469,36.39899826049805,36.749000549316406,13722000,-0.008276538450294413,-0.008310979159540013,0.001656448791693088,0.021447872376966885,0.34047441876543694
2020-09-30,32.615562438964844,36.43199920654297,37.09999847412109,36.17100143432617,36.29499816894531,22403000,0.00016482298491027336,0.00016480940309447243,0.007220561804784054,0.014389827689199091,0.22843143284815226
2020-10-01,32.99872589111328,36.86000061035156,37.07099914550781,36.48199844360352,36.89799880981445,16016000,0.011747871981832914,0.011679401467284875,0.009041062988834513,0.014241326853951328,0.22607405517084653
2020-10-02,31.945018768310547,35.68299865722656,36.492000579833984,35.6150016784668,36.0,17100000,-0.031931751737314884,-0.03245268978727835,0.00022653879469332062,0.02286889331727911,0.3630324268607248
2020-10-05,32.77492141723633,36.61000061035156,36.685001373291016,35.9900016784668,36.08399963378906,18923000,0.02597909410994137,0.025647370429813764,-0.00046330022218494805,0.021794595750692456,0.34597848168910394
2020-10-06,32.58512496948242,36.39799880981445,37.20000076293945,36.20199966430664,36.61100006103516,16672000,-0.005790904738953606,-0.0058077370421004675,3.3826520083213296e-05,0.021599297552425855,0.3428782189044295
2020-10-07,32.832210540771484,36.67399978637695,36.98600006103516,36.60599899291992,36.834999084472656,12747000,0.007582771940278565,0.007554167236089038,0.0015174163111568717,0.021863684745344957,0.34707523547819585
2020-10-08,33.422176361083984,37.33300018310547,37.42900085449219,36.83100128173828,36.98899841308594,17045000,0.017969116626487036,0.01780958036607014,0.002761665240087696,0.022750485080682118,0.3611527543774207
2020-10-09,33.723880767822266,37.66999816894531,38.0,37.400001525878906,37.59299850463867,17253000,0.009027072428759553,0.008986571961736082,0.010953430073302583,0.01194189448835289,0.18957169799492798
2020-10-12,34.23685836791992,38.24300003051758,38.5099983215332,37.979000091552734,38.17900085449219,18839000,0.015211108224149505,0.015096579265339288,0.008799832896144211,0.009214156436846907,0.14627019883885164
2020-10-13,34.1526985168457,38.14899826049805,38.77999877929688,37.86100006103516,38.44100189208984,16731000,-0.0024581651204620414,-0.002461191368704261,0.009466380819842524,0.007925184214002016,0.1258083991477454
2020-10-14,34.04615783691406,38.02999877929688,38.374000549316406,37.78499984741211,38.354000091552734,17298000,-0.0031195391450280496,-0.0031244150502921287,0.007325918602781201,0.009787539089846427,0.1553723662743427
2020-10-15,34.01304244995117,37.99300003051758,38.04899978637695,37.50199890136719,37.505001068115234,14361000,-0.0009726615003524675,-0.0009731348425089544,0.0035375629774132998,0.00817028551484149,0.12969926167598345
2020-10-16,33.89844512939453,37.8650016784668,38.32799911499024,37.81499862670898,38.32799911499024,10295000,-0.0033692169915486847,-0.003374905584112518,0.0010583050933516524,0.007966328495940592,0.12646154437503618
2020-10-19,33.64061737060547,37.57699966430664,38.36100006103516,37.51499938964844,38.124000549316406,14803000,-0.0076058874619441275,-0.007634959731407703,-0.0035050940438670743,0.002474514930709601,0.039281706733042994
2020-10-20,33.74983596801758,37.69900131225586,38.11399841308594,37.555999755859375,37.70100021362305,13297000,0.0032466288061510085,0.003241369886281459,-0.0023641352585444643,0.003952014141326829,0.06273627957456757
2020-10-21,33.307586669921875,37.20500183105469,37.68600082397461,37.03099822998047,37.57699966430664,11896000,-0.01310374659345881,-0.013190358136702126,-0.004360976748230616,0.006271072476292138,0.09955018935558596
2020-10-22,33.42576217651367,37.33700180053711,37.430999755859375,36.71099853515625,37.108001708984375,13547000,0.0035480056769923163,0.0035417263531848393,-0.0034568433127616593,0.007146492784041909,0.1134470559173551
2020-10-23,33.36756896972656,37.27199935913086,37.39400100708008,37.07600021362305,37.32600021362305,8868000,-0.0017409687318363787,-0.0017424859791414617,-0.003131193660819198,0.007188458547833764,0.11411324176478786
2020-10-26,32.50095748901367,36.30400085449219,36.99599838256836,35.76100158691406,36.959999084472656,15509000,-0.0259716697221527,-0.02631488923504283,-0.006804350112860913,0.012657999601678202,0.20093951424957102
2020-10-27,32.1930046081543,35.959999084472656,36.51800155639648,35.922000885009766,36.51800155639648,9620000,-0.0094751941066189,-0.00952036934755036,-0.009348714695414895,0.01134286218760655,0.18006235502451
2020-10-28,31.08379554748535,34.72100067138672,35.48600006103516,34.553001403808594,35.400001525878906,22331000,-0.034454971636539655,-0.03506254084894734,-0.013618959704031064,0.016122119907897733,0.2559307193007658
2020-10-29,31.78208541870117,35.500999450683594,35.944000244140625,34.5369987487793,34.72600173950195,15697000,0.022464755636069977,0.022216139525177,-0.009835609712215532,0.022223029315598854,0.352779653685435
2020-10-30,31.300445556640625,34.9630012512207,35.29899978637695,34.44200134277344,34.93899917602539,18530000,-0.01515444489294393,-0.01527044694958704,-0.012518304944437042,0.021807307573273833,0.34618027561666814
2020-11-02,31.44547271728516,35.125,35.53900146484375,34.834999084472656,35.50400161743164,11757000,0.00463338965517579,0.004622688547530168,-0.0063972930689713435,0.021378074786329634,0.339366416363811
2020-11-03,31.6701889038086,35.375999450683594,35.92399978637695,34.66600036621094,35.595001220703125,15457000,0.007146217471232896,0.007120804259557502,-0.003073010753400984,0.022061206135808926,0.35021079034489594
2020-11-04,32.643310546875,36.4630012512207,36.89799880981445,35.7140007019043,36.04800033569336,21277000,0.030726739459055574,0.030264125732784794,0.009963331465718062,0.017710532303902498,0.2811459843762109
2020-11-05,34.09719467163086,38.08700180053711,38.26499938964844,37.20100021362305,37.23600006103516,21783000,0.04453850116299063,0.04357516219008436,0.014378080571102191,0.023432661622940863,0.37198197126377225
2020-11-06,34.07481002807617,38.0620002746582,38.367000579833984,37.71699905395508,38.005001068115234,13545000,-0.0006564951683052378,-0.0006567107556180918,0.01727767051602993,0.019417703398424833,0.30824648534547516
2020-11-09,33.62003326416016,37.55400085449219,39.38899993896485,37.5009994506836,38.90999984741211,24088000,-0.013346421111116724,-0.013436285059762125,0.013681708362771428,0.023566349163256978,0.37410419517415844
2020-11-10,32.509029388427734,36.3129997253418,37.31999969482422,36.0359992980957,37.03200149536133,26784000,-0.033045888652251554,-0.03360423931074666,0.005643287138074537,0.031777216107672514,0.5044476670731443
2020-11-11,33.65404510498047,37.59199905395508,37.7140007019043,36.85499954223633,37.08599853515625,15133000,0.03522146733056042,0.034615381924444445,0.006542232712375506,0.03271396682476517,0.5193181237004758
2020-11-12,33.141963958740234,37.02000045776367,37.86000061035156,36.82799911499024,37.72299957275391,12160000,-0.015216035535783212,-0.015332987282423606,-0.005408674627379262,0.02547743801590902,0.40444179019894877
2020-11-13,33.43739700317383,37.34999847412109,37.733001708984375,37.15800094604492,37.5,10997000,0.00891416829737035,0.008874671645484666,-0.003494541934244144,0.02627089878277438,0.41703758938422286
2020-11-16,34.09182357788086,38.08100128173828,38.137001037597656,37.400001525878906,37.48099899291992,12100000,0.0195716961653718,0.0193826333908619,0.0030890815210535606,0.027289704190252107,0.4332106238395462
2020-11-17,34.073020935058594,38.060001373291016,38.24399948120117,37.70299911499024,37.86600112915039,11950000,-0.0005515293947040423,-0.0005516815429860587,0.009587953372563063,0.019204511975499557,0.3048621764252015
2020-11-18,34.07481002807617,38.0620002746582,38.49399948120117,37.96200180053711,37.98899841308594,13517000,5.2507613603980374e-05,5.250623512749065e-05,0.002554161429171775,0.012862053328892014,0.20417876674739238
2020-11-19,34.406951904296875,38.43299865722656,38.48400115966797,37.435001373291016,37.77199935913086,14555000,0.00974743148815893,0.009700231747487844,0.007546854833960203,0.008262232751172414,0.13115887880241128
2020-11-20,34.31741714477539,38.33300018310547,38.8849983215332,38.27000045776367,38.430999755859375,16140000,-0.0026022287522162735,-0.002605620434689194,0.005243575424042879,0.009322913056944878,0.1479966566601186
2020-11-23,34.64597702026367,38.70000076293945,38.915000915527344,38.29999923706055,38.5369987487793,12212000,0.009574143476537955,0.00952860181573774,0.0032440648862761103,0.0059400209426272756,0.09429490918024344
2020-11-24,35.114192962646484,39.22299957275391,39.28099822998047,38.61800003051758,38.86199951171875,13455000,0.013514294664253912,0.013423791067240863,0.006057229698067701,0.006939686550027726,0.11016410872867897
2020-11-25,34.98885726928711,39.08300018310547,39.54999923706055,38.900001525878906,39.28400039672852,11787000,-0.0035693741699461823,-0.003575759585080851,0.005332853341357668,0.007852200437453091,0.12464981761280082
2020-11-27,35.35770034790039,39.494998931884766,39.91699981689453,39.29999923706055,39.31499862670898,6846000,0.010541729779127484,0.010486553178224639,0.005491712999551379,0.007970977330517338,0.12653534233609426
2020-11-30,35.95123672485352,40.15800094604492,40.21599960327149,39.27399826049805,39.402000427246094,15454000,0.01678662274732412,0.016647284578518586,0.009369483299459459,0.007762465765617955,0.12322532385886624
2020-12-01,36.21893310546875,40.45700073242188,40.667999267578125,40.012001037597656,40.34600067138672,18181000,0.007446096574201144,0.00741851124780756,0.008943873918992096,0.007806652820394155,0.12392677160750352
2020-12-02,36.14372634887695,40.37300109863281,40.54100036621094,40.11100006103516,40.4739990234375,10031000,-0.002076448700816136,-0.0020786075093741983,0.005825725245978086,0.008598253051543589,0.1364930357039194
2020-12-03,35.79189682006836,39.97999954223633,40.66400146484375,39.810001373291016,40.45000076293945,16120000,-0.009734179741528681,-0.009781866583014085,0.004592764131661586,0.010511441466225853,0.16686396024267452
2020-12-04,36.85544204711914,41.167999267578125,41.2400016784668,40.23899841308594,40.2400016784668,20083000,0.029714693032263595,0.02928176681471922,0.008427356782288809,0.015525480847807263,0.24645936784796557
2020-12-07,37.679962158203125,42.0890007019043,42.28400039672852,41.33399963378906,41.64099884033203,19707000,0.02237173305450657,0.02212515662053689,0.009544378843725299,0.01645062181910484,0.2611455254743464
2020-12-08,37.90556716918945,42.34099960327149,42.66999816894531,41.81600189208984,41.928001403808594,18121000,0.005987400147566602,0.0059695468949045516,0.00925263955839839,0.016509963528504125,0.26208754590701017
2020-12-09,37.26189422607422,41.62200164794922,42.61000061035156,41.367000579833984,41.946998596191406,20908000,-0.016980960613047547,-0.017126790368468786,0.006271737175952108,0.020035844285629642,0.3180591677219437
2020-12-10,36.7086296081543,41.00400161743164,41.525001525878906,40.80099868774414,41.14400100708008,26244000,-0.0148480003341529,-0.01495933533371694,0.005248973057427264,0.021156346145233356,0.3358465833065247
2020-12-11,36.33082962036133,40.58200073242188,40.70000076293945,39.82799911499024,40.400001525878906,26664000,-0.010291857577517605,-0.010345184951080928,-0.0027523370645289756,0.01668236399214797,0.2648243184232933
2020-12-14,36.86618041992188,41.18000030517578,41.43000030517578,40.59999847412109,40.65299987792969,26116000,0.014735441088318035,0.014627929344779966,-0.004279595457766683,0.013929698200647279,0.22112710366257965
2020-12-15,37.426605224609375,41.805999755859375,41.93899917602539,41.29899978637695,41.52799987792969,21207000,0.015201596647767879,0.015087210158892235,-0.0024367561577264274,0.016072269064357474,0.2551393616928399
2020-12-16,38.03895568847656,42.4900016784668,42.71500015258789,41.69599914550781,41.79999923706055,23160000,0.016361368074722993,0.016228963157036067,0.004231709579827681,0.015433443770462917,0.24499832453966341
2020-12-17,38.14638519287109,42.61000061035156,43.0009994506836,42.45500183105469,42.650001525878906,17152000,0.00282419699621439,0.0028202164446909195,0.007766149045901139,0.011491836189648446,0.18242724399181132
2020-12-18,39.23524475097656,43.45600128173828,43.56499862670898,42.20000076293945,42.47999954223633,45243000,0.02854423958128982,0.028144442876906175,0.015533368477662624,0.00911370054668467,0.14467551102024626
2020-12-21,38.72241973876953,42.88800048828125,43.20000076293945,42.369998931884766,42.81499862670898,19096000,-0.013070519005600634,-0.013156689928529332,0.009972176458878889,0.01577299558031195,0.250388542416158
2020-12-22,39.10343170166016,43.310001373291016,43.35499954223633,42.79999923706055,42.88800048828125,17929000,0.009839570085264038,0.009791476736782437,0.008899771146378122,0.015508626965927103,0.2461918207674798
2020-12-23,38.41363143920898,42.54600143432617,43.59999847412109,42.507999420166016,43.5,10533000,-0.017640402195746474,-0.0177978484485423,0.002099417092284228,0.0185711559782698,0.29480796166495404
2020-12-24,38.955360412597656,43.14599990844727,43.20000076293945,42.75699996948242,42.8489990234375,4123000,0.014102519160313909,0.014004003766752322,0.004355081525104132,0.019349808659621534,0.30716868978025585
2020-12-28,38.99327850341797,43.1879997253418,43.72700119018555,43.1150016784668,43.43399810791016,10625000,0.000973372866242217,0.0009728994460585166,-0.001159091817905389,0.01389199795168394,0.22052863076384635
2020-12-29,38.73685836791992,42.90399932861328,43.58300018310547,42.67900085449219,43.58300018310547,9593000,-0.006576008618397355,-0.006597725823783176,0.00013981025953526682,0.012757111598047495,0.20251286841558874
2020-12-30,39.2596321105957,43.483001708984375,43.79999923706055,43.0099983215332,43.16699981689453,10553000,0.013495512147901012,0.013405258827001753,0.0008709986720626617,0.01353321686703825,0.21483315761332727
2020-12-31,39.53229522705078,43.78499984741211,43.84999847412109,43.30500030517578,43.63100051879883,10211000,0.006945126629994247,0.006921120325166164,0.005788104437210806,0.008745359596858921,0.13882827971472475
2021-01-04,38.39196395874024,42.52199935913086,44.2239990234375,42.124000549316406,43.93299865722656,24171000,-0.028845561882029136,-0.029269772753081465,-0.002801511771257803,0.01633538395167266,0.25931618104128845
2021-01-05,38.65199661254883,42.810001373291016,42.93899917602539,42.2400016784668,42.505001068115234,15069000,0.006773101112723667,0.006750266711866077,-0.001641566121961513,0.01686768481223284,0.26776619523953593
2021-01-06,38.41363143920898,42.54600143432617,43.45800018310547,42.05400085449219,42.33000183105469,17226000,-0.0061669562824722135,-0.00618605049998008,-0.0015597556547764847,0.01683873608893221,0.26730664850377817
2021-01-07,40.032493591308594,44.3390007019043,44.45899963378906,43.060001373291016,43.20600128173828,21267000,0.04214290842722135,0.04127908212992786,0.004169723601087583,0.025755092840191597,0.408849423891163
2021-01-08,40.23562240600586,44.56399917602539,44.999000549316406,43.8650016784668,44.70000076293945,15271000,0.005074098475378763,0.005061268619376553,0.003795517970164486,0.025718252815349188,0.4082646066270043
2021-01-11,40.246463775634766,44.57600021362305,44.87799835205078,44.04199981689453,44.06100082397461,11660000,0.0002694470466868548,0.0002694107523508254,0.009618519755907684,0.018862465670963707,0.2994323596731784
2021-01-12,40.5742073059082,44.93899917602539,45.47600173950195,44.560001373291016,44.777000427246094,13846000,0.008143411856021299,0.008110433195926409,0.00989258190456721,0.01882069625776253,0.2987692907947419
2021-01-13,40.73853302001953,45.12099838256836,45.3489990234375,44.81100082397461,45.02999877929688,13118000,0.004050004301313859,0.004041825110295486,0.011935974021324425,0.017118879344620943,0.2717537848199244
2021-01-14,40.81617736816406,45.20700073242188,45.84999847412109,45.132999420166016,45.35100173950195,19692000,0.0019059190989123564,0.001904105139580682,0.0038885761556626264,0.0030234158482547405,0.04799523866648065
2021-01-15,40.25458908081055,44.584999084472656,45.0,44.06600189208984,44.81800079345703,18165000,-0.013758963322017093,-0.013854495149300665,0.00012196379618345521,0.008301468494771343,0.13178172692281606
2021-01-19,41.466251373291016,45.92699813842773,45.94900131225586,44.82799911499024,44.82799911499024,18819000,0.03009997916133411,0.029655864677760053,0.006088070219112907,0.015782466864800903,0.2505388943962827
2021-01-20,41.70190048217773,46.1879997253418,46.57899856567383,45.5,45.95199966430664,14710000,0.0056829132386559955,0.005666826405160559,0.005595970495639846,0.015740663531116996,0.24987528704687628
2021-01-21,42.14791870117188,46.68199920654297,46.946998596191406,46.040000915527344,46.21099853515625,15749000,0.010695393107677864,0.010638601967658068,0.006925048256912647,0.01585761500528975,0.2517318341436173
2021-01-22,41.98540115356445,46.50199890136719,46.755001068115234,46.23799896240234,46.37200164794922,16248000,-0.003855885477042742,-0.0038633385684623033,0.005772687341721627,0.01650948977785891,0.26208002534866603
2021-01-25,41.964637756347656,46.479000091552734,47.0,45.608001708984375,46.95600128173828,14692000,-0.000494538497818664,-0.0004946608223126865,0.008425572306561314,0.013349688758460116,0.21191973921000049
2021-01-26,41.88157272338867,46.387001037597656,46.70299911499024,46.1879997253418,46.26499938964844,10742000,-0.0019794054565959174,-0.0019813670685544286,0.0020096953829753074,0.006031646252135132,0.0957494158767861
2021-01-27,40.15076446533203,44.470001220703125,45.69599914550781,44.1510009765625,45.55400085449219,21857000,-0.04132624792979833,-0.042204457942809366,-0.0073921368507155584,0.01979938277247475,0.3143054575712685
2021-01-28,40.786380767822266,45.17399978637695,45.84799957275391,44.70299911499024,45.553001403808594,16946000,0.015830739736949484,0.015706740530746898,-0.006365067524861235,0.021064965776695834,0.3343959649273424
2021-01-29,40.67443084716797,45.04999923706055,45.810001373291016,44.76300048828125,44.9900016784668,22069000,-0.0027447868270434883,-0.0027485606615691516,-0.006142847794861383,0.021103877975584003,0.3350136769346911
2021-02-01,42.14069366455078,46.67399978637695,46.93199920654297,45.35900115966797,45.584999084472656,17027000,0.0360487605319475,0.035414208880243284,0.001165812011091849,0.0285597642537774,0.45337220230876313
2021-02-02,43.05619812011719,47.6879997253418,47.696998596191406,46.79999923706055,46.97600173950195,16141000,0.021724949827689688,0.02149232623260248,0.0059066830679489705,0.02984563200821626,0.47378472009173694
2021-02-03,42.00075149536133,46.51900100708008,47.85200119018555,46.45899963378906,47.69300079345703,17857000,-0.024513233189131123,-0.0248186845559672,0.009269286016082411,0.023457051399287596,0.37236914696024787
2021-02-04,42.49191284179688,47.0629997253418,47.11600112915039,45.74800109863281,46.0,15243000,0.01169410853255326,0.01162626087831811,0.008441959775203168,0.02323971701181163,0.3689190705166242
2021-02-05,42.07478332519531,46.60100173950195,47.69200134277344,46.5359992980957,47.43299865722656,12488000,-0.009816680132866629,-0.009865181412679882,0.007027581114038539,0.024282555898835285,0.385473624632056
2021-02-08,42.67880630493164,47.27000045776367,47.34199905395508,46.55799865722656,46.875,17610000,0.014355937975196298,0.014253867218783479,0.002689016602688299,0.019208919369023063,0.3049321416283607
2021-02-09,42.853065490722656,47.4630012512207,47.51900100708008,46.86199951171875,47.20000076293945,12758000,0.004083037949701884,0.004074724970709093,-0.0008393657729092619,0.016226979572070692,0.2575953148645462
2021-02-10,42.439552307128906,47.005001068115234,47.749000549316406,46.54899978637695,47.72100067138672,14587000,-0.009649558995569962,-0.009696417677372718,0.0021333690658029703,0.011469973934178057,0.18208019144536966
2021-02-11,43.19254684448242,47.8390007019043,47.935001373291016,46.91899871826172,47.36899948120117,17123000,0.017742754021159435,0.01758718876976969,0.003343098163524205,0.012953466189469917,0.20562990092172528
2021-02-12,43.90851974487305,48.63199996948242,48.70199966430664,47.48899841308594,47.8380012512207,13551000,0.016576306624578763,0.016440419271339674,0.008621695515013284,0.011551939627772363,0.18338135649310636
2021-02-16,44.1622200012207,48.91299819946289,49.47800064086914,48.70199966430664,49.0880012512207,15163000,0.0057779277876313095,0.005761299583169339,0.006906093477500286,0.0111161848580609,0.17646396397350586
2021-02-17,43.56182098388672,48.24800109863281,48.61199951171875,47.50600051879883,48.42300033569336,14084000,-0.013595308780160686,-0.013688571243231359,0.0033704241315277716,0.014526797019572784,0.2306057535606233
2021-02-18,43.63224411010742,48.32600021362305,48.54100036621094,47.51300048828125,48.02299880981445,16715000,0.0016166249396862842,0.0016153196082200497,0.005623660918579021,0.012769904046960021,0.20271594224648098
2021-02-19,44.23716735839844,48.99599838256836,49.51399993896485,48.67699813842773,48.72499847412109,17992000,0.01386413329473668,0.013768905357824709,0.00484793677329447,0.011940540451331985,0.18955020332358827
2021-02-22,43.0092658996582,47.63600158691406,48.6609992980957,47.53200149536133,48.400001525878906,16967000,-0.027757235195284613,-0.028149747676499807,-0.004018771590678205,0.016603885228712045,0.2635785066757853
2021-02-23,42.60657501220703,47.18999862670898,47.46200180053711,45.60599899291992,47.11399841308594,21303000,-0.009362886787946167,-0.009406994143121091,-0.007046934505793701,0.01572809122305743,0.24967570784368606
2021-02-24,43.4173583984375,48.0880012512207,48.14099884033203,46.26599884033203,46.76800155639648,15125000,0.019029536779198386,0.018850739864856126,-0.000521965393921886,0.01879971046032813,0.2984361515882871
2021-02-25,41.27573394775391,45.71599960327149,47.9379997253418,45.52099990844727,47.47499847412109,23148000,-0.04932645673718972,-0.050584552696067556,-0.010710581729297087,0.028600619512876877,0.45402075944072107
2021-02-26,42.42329788208008,46.98699951171875,47.57600021362305,46.07400131225586,46.75299835205078,22640000,0.02780238713086791,0.02742291813689486,-0.00792293096207084,0.03206422817562001,0.509003842403525
2021-03-01,44.202857971191406,48.95800018310547,49.0,47.38600158691406,47.970001220703125,24677000,0.04194770746154153,0.041091757294085846,0.006018057569294388,0.0361745216284805,0.57425272815412
2021-03-02,43.38394927978516,48.05099868774414,49.08599853515625,47.959999084472656,49.0369987487793,18546000,-0.01852614805902264,-0.01869990653646485,0.004185405315079094,0.037361195006911214,0.5930905840348512
2021-03-03,41.80843353271485,46.305999755859375,48.13899993896485,46.196998596191406,47.79999923706055,23991000,-0.036315636847852106,-0.036991462102600015,-0.006883629410331005,0.03997125247592197,0.6345239618583859
2021-03-04,40.05054473876953,44.35900115966797,46.70000076293945,44.14300155639648,46.16699981689453,34575000,-0.04204627261554261,-0.04295580344665398,-0.005427592586001584,0.038128800687557834,0.6052759464505596
2021-03-05,40.64192581176758,45.01399993896485,45.59999847412109,43.29999923706055,45.42499923706055,42414000,0.01476586840092553,0.014657914358800414,-0.00803489633199006,0.03565380736335814,0.565986645456295
2021-03-08,38.03352737426758,42.125,44.79600143432617,41.92599868774414,44.68299865722656,45243000,-0.06417999111510497,-0.06633211919611297,-0.02926043604731936,0.02952189536260543,0.4686455601643499
2021-03-09,40.05145263671875,44.36000061035156,44.68999862670898,43.060001373291016,43.56900024414063,37884000,0.053056484679789184,0.05169687338439025,-0.014943909499556995,0.047755117685479416,0.7580889913584059
2021-03-10,39.508827209472656,43.75899887084961,45.40299987792969,43.5099983215332,44.73500061035156,19914000,-0.013548208405021023,-0.013640822838257257,-0.010390423810990779,0.04627021491394732,0.734516890630899
2021-03-11,40.96244812011719,45.36899948120117,45.744998931884766,44.20899963378906,44.902000427246094,26170000,0.036792307271930724,0.03613162690463841,0.0053772921665038885,0.04621889268984986,0.7337021755807434
2021-03-12,40.73492050170898,45.117000579833984,45.3489990234375,44.45199966430664,44.5359992980957,18906000,-0.0055545415093603,-0.0055700253387174865,0.0013132101844467226,0.046080147509329414,0.7314996641211482
2021-03-15,42.50454711914063,47.07699966430664,47.12300109863281,45.31900024414063,45.51800155639648,31241000,0.04344249591348559,0.04252533908182697,0.022837707590164836,0.03025936770100212,0.48035257060147135
2021-03-16,43.17358016967773,47.81800079345703,48.400001525878906,46.74100112915039,47.12699890136719,31190000,0.01574027006244272,0.015617676772571394,0.015374464666695542,0.025105858333523183,0.39854314560792503
2021-03-17,43.66204452514648,48.35900115966797,48.72700119018555,47.0009994506836,47.02999877929688,23754000,0.01131396454843503,0.011250440342897695,0.020346899257386752,0.01985923969752634,0.3152556567988577
2021-03-18,41.90685272216797,46.415000915527344,48.334999084472656,46.375,47.45600128173828,28728000,-0.04019948726788625,-0.04102981535088959,0.004948540349423358,0.030771024506286264,0.4884748705818452
2021-03-19,43.17256164550781,47.44599914550781,47.667999267578125,45.40999984741211,45.70500183105469,108602000,0.03020291052948254,0.029755783353551953,0.012100030757191927,0.03185582052805657,0.5056954735628638
2021-03-22,43.24718475341797,47.52799987792969,48.12799835205078,47.16699981689453,47.29100036621094,31805000,0.0017284845991509812,0.0017269924887919799,0.0037572284943250046,0.02662883918663845,0.42271971714106094
2021-03-23,42.22623825073242,46.40599822998047,47.5369987487793,46.26499938964844,47.37799835205078,24712000,-0.023607236135870235,-0.02389035152712148,-0.004112272745337586,0.02798193924739724,0.44419951469958585
2021-03-24,41.608394622802734,45.72700119018555,46.999000549316406,45.6870002746582,46.94499969482422,20882000,-0.014631746836197723,-0.014739846598685862,-0.009301415022264137,0.026786238287755545,0.42521835040990663
2021-03-25,42.0114860534668,46.16999816894531,46.402000427246094,44.930999755859375,45.49599838256836,17537000,0.00968774292587482,0.009641117631761092,0.0006760310164880768,0.021084119321401053,0.33470001802343463
2021-03-26,43.8622932434082,48.20399856567383,48.29999923706055,45.66400146484375,45.66400146484375,28925000,0.04405478986356104,0.0431119687956058,0.0034464068833037764,0.02621862669628576,0.41620779573606675
2021-03-29,43.00513458251953,47.262001037597656,48.11600112915039,46.82699966430664,48.040000915527344,28410000,-0.01954203935785981,-0.019735509693633396,-0.0008076979080983814,0.028216555021317178,0.4479239246482565
2021-03-30,41.50738906860352,45.61600112915039,46.400001525878906,45.1619987487793,46.38800048828125,27935000,-0.03482713235188439,-0.03544805622716268,-0.003051677151301213,0.03080998892948469,0.4890934116244179
2021-03-31,42.18983459472656,46.36600112915039,46.70700073242188,45.2400016784668,45.900001525878906,28684000,0.01644154309477508,0.016307844409766598,0.0031629808348933473,0.031023375958976473,0.49248082570267027
2021-04-01,43.308143615722656,47.595001220703125,47.65800094604492,46.91999816894531,47.20700073242188,23528000,0.026506598846345764,0.026161385947514184,0.006526752018987536,0.03277032431253154,0.520212771083353
2021-04-05,44.44829177856445,48.84799957275391,48.9640007019043,47.68199920654297,48.02999877929688,22966000,0.026326415026200145,0.025985839452119085,0.0029810770515153575,0.028356615621643873,0.45014731774991357
2021-04-06,44.02880859375,48.387001037597656,48.821998596191406,47.77399826049805,48.3120002746582,18063000,-0.009437554696235861,-0.00948237060684389,0.005001973983840146,0.02665943602974011,0.4232054269675649
2021-04-07,43.9005126953125,48.24599838256836,48.39099884033203,47.79999923706055,48.0009994506836,12074000,-0.002913908019207989,-0.0029181617144409455,0.011384618850375427,0.016699661797603894,0.2650989125720746
2021-04-08,44.1753158569336,48.54800033569336,48.79800033569336,48.012001037597656,48.79800033569336,18121000,0.006259680007118629,0.006240169587216109,0.009348246232844137,0.016548967224299625,0.262706710382734
2021-04-09,44.13982009887695,48.50899887084961,48.53099822998047,47.65399932861328,48.0,16614000,-0.0008035201869660558,-0.0008038431823452823,0.0038862224261817734,0.01373821350716832,0.2180873783896551
2021-04-12,44.0106086730957,48.367000579833984,48.54199981689453,47.86000061035156,48.19300079345703,23247000,-0.0029273210786043835,-0.0029316140629623505,-0.0019645247947791323,0.005627165303728726,0.08932847987950472
2021-04-13,44.12799072265625,48.49599838256836,48.821998596191406,48.02899932861328,48.5,15281000,0.00266713079186065,0.0026635803101950337,0.0004564123028401701,0.00396740887841145,0.06298066344951835
2021-04-14,43.43098068237305,47.72999954223633,48.91899871826172,47.51900100708008,48.24700164794922,18220000,-0.01579519096312132,-0.015921264322734663,-0.002119844285942496,0.008404335078082631,0.1334146833087795
2021-04-15,43.67666244506836,48.0,48.23099899291992,47.678001403808594,48.16400146484375,18370000,0.005656832031771808,0.005640892241678753,-0.00224041388101186,0.008257102616156918,0.13107744043375216
2021-04-16,43.56655883789063,47.87900161743164,48.178001403808594,47.678001403808594,48.04800033569336,16263000,-0.0025208795959673624,-0.002524062362976163,-0.0025838857628121214,0.00821801538262617,0.13045694983759298
2021-04-19,42.03878784179688,46.20000076293945,47.68000030517578,46.005001068115234,47.65299987792969,26319000,-0.03506751593070556,-0.03569714478582624,-0.009011924733232358,0.016722835909008214,0.265466790185859
2021-04-20,41.60748672485352,45.72600173950195,46.20299911499024,45.45399856567383,46.0009994506836,19128000,-0.010259599267382735,-0.010312591721770396,-0.011597270745081035,0.015413867515475398,0.24468756112586965
2021-04-21,41.83769226074219,45.979000091552734,46.03400039672852,45.2599983215332,45.52199935913086,25947000,0.005532791187581099,0.005517541521372796,-0.007331674314940551,0.016846284236250616,0.2674264716277609
2021-04-22,41.411842346191406,45.51100158691406,46.11399841308594,44.900001525878906,45.5099983215332,27057000,-0.01017861864599956,-0.010230775006413336,-0.010498764450494824,0.015202307929604962,0.24132915681575973
2021-04-23,42.41459274291992,46.61299896240234,46.78499984741211,45.75,45.8489990234375,22890000,0.02421409770533267,0.02392558455354673,-0.005151768990234817,0.021925014341975333,0.34804881264234716
2021-04-26,42.93507766723633,47.185001373291016,47.382999420166016,46.35699844360352,46.70199966430664,18271000,0.012271364420993747,0.012196681581444421,0.004316007080105044,0.014859717021632517,0.2358906947521983
2021-04-27,42.4345932006836,46.6349983215332,47.42599868774414,46.50600051879883,47.369998931884766,13267000,-0.011656773289935085,-0.01172524610656787,0.0040365722755945745,0.015211309552063021,0.24147205314228043
2021-04-28,41.78400039672852,45.91999816894531,46.59700012207031,45.60499954223633,46.5369987487793,15940000,-0.015331661149154074,-0.0154504063367557,-0.00013631819175246028,0.017402302102418235,0.27625298161809075
2021-04-29,42.42914962768555,46.62900161743164,46.96900177001953,45.90299987792969,46.96900177001953,14650000,0.015440102068530859,0.01532211661433487,0.004987425951153623,0.017477655544702583,0.277449180430393
2021-04-30,41.51103210449219,45.619998931884766,46.073001861572266,45.38399887084961,45.97100067138672,19367000,-0.02163883865808791,-0.021876391490797325,-0.004183161321530493,0.016886891950755132,0.26807109911109883
2021-05-03,40.95961380004883,45.01399993896485,45.98400115966797,44.82799911499024,45.97499847412109,15098000,-0.013283656813333877,-0.01337267377522608,-0.009294165568396018,0.014336354642598892,0.2275825745492577
2021-05-04,40.450042724609375,44.45399856567383,44.77000045776367,43.73099899291992,44.72200012207031,23497000,-0.012440817384827163,-0.012518852240496085,-0.009450974387374434,0.014372898238811244,0.22816268615479676
2021-05-05,40.38544464111328,44.382999420166016,45.14400100708008,44.23699951171875,45.04100036621094,16388000,-0.0015969843081721224,-0.0015982608468682635,-0.006704039019178043,0.014280189327541236,0.2266909778135568
2021-05-06,40.81766891479492,44.858001708984375,44.90900039672852,43.98400115966797,44.380001068115234,13495000,0.01070247653635148,0.010645610413427225,-0.007651564125613919,0.012488294609929656,0.1982455310230935
2021-05-07,41.1816291809082,45.257999420166016,45.8380012512207,44.91999816894531,45.45899963378906,11712000,0.008916733262573917,0.00887721394494255,-0.0015404497414815532,0.011357442972281234,0.18029381780552636
2021-05-10,39.682071685791016,43.61000061035156,44.85300064086914,43.57699966430664,44.8380012512207,25239000,-0.036413263023901465,-0.037092772370912935,-0.006166370983595071,0.01928198965797757,0.3060920965051682
2021-05-11,40.04331207275391,44.00699996948242,44.17599868774414,42.30500030517578,42.5,17887000,0.009103365112165918,0.009062179248582884,-0.0018575344841964547,0.019925776669812142,0.31631189848881425
2021-05-12,38.43364715576172,42.23799896240234,43.08599853515625,41.91400146484375,42.92900085449219,29940000,-0.04019809635295968,-0.041028366181087864,-0.009577756893153965,0.026268174334069666,0.4169943401018283
2021-05-13,39.18160629272461,43.060001373291016,43.48199844360352,42.56399917602539,42.98899841308594,21841000,0.01946105020768929,0.01927410550381553,-0.007826042158886404,0.02818106571225532,0.44736054933238134
2021-05-14,40.184356689453125,44.1619987487793,44.512001037597656,43.20500183105469,43.63899993896485,16964000,0.02559237590304475,0.02527037336475473,-0.004490913630792237,0.031454509152774195,0.499324852979073
2021-05-17,40.03147888183594,43.99399948120117,44.2140007019043,43.28400039672852,44.2140007019043,15725000,-0.0038044109751124155,-0.0038116661535120646,0.0020308567789655728,0.026107049014109075,0.4144365549426397
2021-05-18,39.46732711791992,43.374000549316406,44.44400024414063,43.32799911499024,44.391998291015625,17824000,-0.014092703534167916,-0.014192948611170498,-0.0026083569503011937,0.02659252402377101,0.4221432318024526
2021-05-19,40.19345474243164,44.172000885009766,44.25,42.56999969482422,42.59999847412109,21369000,0.01839819611655491,0.018230996967812763,0.009110901543601724,0.017104319636977974,0.2715226566264138
2021-05-20,41.40184020996094,45.5,45.93000030517578,44.53300094604492,44.57500076293945,21886000,0.030064234967431602,0.029621164343038228,0.011231538495550187,0.01923318811174624,0.30531739597562707
2021-05-21,41.05970764160156,45.124000549316406,45.79899978637695,44.93399810791016,45.79899978637695,13216000,-0.008263704381841985,-0.008298038066678183,0.004460322438572839,0.01886959266332969,0.29954549716955586
2021-05-24,41.78309631347656,45.91899871826172,46.24399948120117,45.63600158691406,45.69200134277344,14420000,0.01761796937740656,0.017464572034097542,0.008744798509076635,0.018955739814724062,0.3009130408020327
2021-05-25,41.81494903564453,45.95399856567383,46.29600143432617,45.650001525878906,46.18999862670898,9600000,0.0007623351301921932,0.0007620447003606998,0.011715806241948656,0.015291452473278703,0.24274428257555405
2021-05-26,41.9013900756836,46.04899978637695,46.209999084472656,45.553001403808594,46.07699966430664,9873000,0.002067228157216716,0.0020650943812515307,0.008449612650081017,0.01525134991314956,0.2421076741693217
2021-05-27,42.555625915527344,46.76800155639648,46.84400177001953,45.96500015258789,46.0,19098000,0.015613702520657302,0.015493062802128562,0.005559506160726158,0.010871791536428537,0.17258434026676034
2021-05-28,42.97874450683594,47.233001708984375,47.46200180053711,46.76800155639648,47.0,19946000,0.009942718082645019,0.009893614475166325,0.009200790653623558,0.007658655856340688,0.12157739263743529
2021-06-01,42.61295700073242,46.83100128173828,47.79999923706055,46.720001220703125,47.54399871826172,16277000,-0.00851089324038623,-0.008547317709353103,0.003975018130065,0.009232163809973914,0.1465560570252093
2021-06-02,43.10612869262695,47.37300109863281,47.77000045776367,46.946998596191406,47.18299865722656,13286000,0.01157328020878845,0.011506822069013111,0.006137207145784251,0.009552072318580646,0.15163444716161117
2021-06-03,42.2935676574707,46.47999954223633,46.97600173950195,46.32600021362305,46.880001068115234,20389000,-0.018850243800604516,-0.019030174391374544,0.001953712754220005,0.014876728399812359,0.23616074200893228
2021-06-04,43.221710205078125,47.5,47.84000015258789,46.95199966430664,47.04999923706055,23865000,0.02194524129825859,0.021707910403060762,0.0032200205097402622,0.016509969775688707,0.262087645077991
2021-06-07,42.20074844360352,46.37799835205078,47.448001861572266,46.24700164794922,47.29999923706055,24142000,-0.023621503097178476,-0.023904963541948952,-0.0034928237262244364,0.01962318619757653,0.3115084236570161
2021-06-08,42.17801284790039,46.35300064086914,47.23899841308594,46.35100173950195,46.80500030517578,16615000,-0.0005387486369706762,-0.0005388938141626129,-0.0018983948055413258,0.01943651374505899,0.30854509034108857
2021-06-09,42.21440505981445,46.39300155639648,46.71900177001953,46.172000885009766,46.71900177001953,12126000,0.0008628242408028619,0.000862452221943484,-0.004040485999138444,0.018126691616020374,0.2877523086500966
2021-06-10,42.64571380615234,46.867000579833984,46.95399856567383,46.02099990844727,46.54999923706055,15413000,0.010217098777698164,0.010165257039730136,0.0017729825165220924,0.016802347398406345,0.26672899594977784
2021-06-11,42.8304328918457,47.06999969482422,47.2130012512207,46.71500015258789,46.84400177001953,14508000,0.004331480686031286,0.004322126824550878,-0.001749769605923368,0.012911743572538877,0.20496757491104722
2021-06-14,43.29721832275391,47.58300018310547,47.59000015258789,46.60599899291992,47.04899978637695,14675000,0.010898452324470398,0.01083949218893991,0.005154221478406407,0.005247185339719642,0.08329648495177286
2021-06-15,42.83406829833984,47.07400131225586,47.65700149536133,46.85499954223633,47.65599822998047,11131000,-0.010696992609584788,-0.01075461674004789,0.0031225726838835844,0.008779876297032871,0.13937621534315786
2021-06-16,42.3800163269043,46.57500076293945,47.11199951171875,46.14799880981445,47.027000427246094,20437000,-0.01060025324405478,-0.010656836145762702,0.0008299571869120559,0.010785105128167737,0.1712082361969154
2021-06-17,42.87320327758789,47.117000579833984,47.52399826049805,46.39400100708008,46.48799896240234,20881000,0.011637252493706507,0.01157006045563215,0.0011139879301137246,0.011107990454959625,0.17633388185701432
2021-06-18,42.1752815246582,46.34999847412109,46.97600173950195,46.05099868774414,46.72700119018555,28537000,-0.016278740555281224,-0.016412694981270123,-0.0030080563181487776,0.01323582551636857,0.21011221627772586
2021-06-21,42.60721206665039,46.46099853515625,46.53799819946289,45.84400177001953,46.117000579833984,18591000,0.01024131971092257,0.010189232720698303,-0.003139482840858343,0.013065382947670769,0.2074065243801653
2021-06-22,42.5925407409668,46.44499969482422,46.858001708984375,46.13199996948242,46.65800094604492,13722000,-0.00034433902083630397,-0.0003443983191298074,-0.0010689521231086463,0.012370108266317143,0.19636938098171708
2021-06-23,42.79521179199219,46.66600036621094,46.78799819946289,46.30400085449219,46.38600158691406,17674000,0.004758369599455525,0.00474708434428337,0.002002772445593415,0.011269570004573277,0.1788988776884036
2021-06-24,43.10700607299805,47.00600051879883,47.3650016784668,46.86000061035156,46.98899841308594,12502000,0.007285728191306795,0.007259315486603259,0.0011324675851134725,0.010479886631241683,0.16636304276649574
2021-06-25,42.386207580566406,46.220001220703125,47.244998931884766,46.0,47.1349983215332,19100000,-0.01672114484617715,-0.016862521389588388,0.0010439867269342873,0.010663890692917625,0.16928401669101775
2021-06-28,43.3582763671875,47.27999877929688,47.62900161743164,46.55099868774414,46.59999847412109,13987000,0.022933610768866686,0.022674588254489907,0.0035824449385231105,0.014293531011097758,0.22690277047412566
2021-06-29,43.7571907043457,47.71500015258789,47.73099899291992,47.07400131225586,47.23699951171875,14184000,0.009200419633380363,0.00915835359262643,0.005491396669366444,0.014275342718442687,0.22661404027929657
2021-06-30,43.728759765625,47.68399810791016,47.85900115966797,47.25299835205078,47.8129997253418,15381000,-0.0006497432367814637,-0.0006499544113961417,0.004409774102119046,0.014547064761385236,0.230927493987459
2021-07-01,43.06848907470703,46.9640007019043,47.78400039672852,46.89300155639648,47.78400039672852,11153000,-0.015099232049041622,-0.015214386081981458,-6.721794595063724e-05,0.016722599175802915,0.26546303216272926
2021-07-02,42.93367767333984,46.81700134277344,47.858001708984375,45.57099914550781,47.67699813842773,37054000,-0.0031301632414675318,-0.0031350724495184004,0.0026509783749912863,0.014262421684864628,0.22640892523011982
2021-07-06,43.40229797363281,47.32799911499024,47.67499923706055,46.83000183105469,47.040000915527344,13870000,0.010914981564320358,0.010855843094095917,0.00024725253408202085,0.010508160775850232,0.16681188089749954
2021-07-07,43.05931854248047,46.95399856567383,47.5359992980957,46.637001037597656,47.5,12581000,-0.00790233345157687,-0.00793372236168098,-0.003173298082909426,0.009610430395892213,0.1525608529189609
2021-07-08,43.14735412597656,47.04999923706055,47.108001708984375,46.15599822998047,46.44200134277344,16011000,0.002044518735456524,0.0020424315514004764,-0.0026344456884618284,0.009859601454302716,0.15651632084577455
2021-07-09,44.03506088256836,48.01800155639648,48.0880012512207,46.803001403808594,46.95700073242188,16782000,0.02057383991611572,0.0203650572558484,0.00450016870456964,0.01137526892377978,0.18057679601281587
2021-07-12,44.54586791992188,48.57500076293945,49.402000427246094,47.32600021362305,48.13199996948242,33142000,0.011600007519365851,0.011533243246814415,0.007446202856736317,0.010797883262634735,0.1714110827930295
2021-07-13,44.38629913330078,48.4010009765625,48.75299835205078,48.20000076293945,48.53300094604492,11806000,-0.003582123192839126,-0.003588554358869472,0.00454678190530442,0.011553521890310049,0.18340647413220756
2021-07-14,44.16436767578125,48.15900039672852,49.20000076293945,48.07500076293945,48.91999816894531,14020000,-0.0049999991405687005,-0.005012540959794233,0.005127248767506054,0.010821406084213682,0.17178449600922413
2021-07-15,43.77462005615234,47.73400115966797,48.44499969482422,47.3120002746582,48.32799911499024,12624000,-0.008824933767650034,-0.00886410411641886,0.0029533582668847423,0.012549327592128035,0.19921439957911075
2021-07-16,42.92451477050781,46.80699920654297,48.02799987792969,46.72600173950195,47.90599822998047,13980000,-0.019420049438556908,-0.01961109606678476,-0.005045419604049783,0.011181773715722099,0.17750515481039594
2021-07-19,42.70442199707031,46.56700134277344,46.59700012207031,45.75899887084961,46.34799957275391,14938000,-0.00512743765687762,-0.005140628073350942,-0.008390908639298478,0.006463421155503806,0.10260362997682083
2021-07-20,42.97219467163086,46.85900115966797,47.22499847412109,46.32699966430664,46.78900146484375,20727000,0.0062703734657483245,0.006250796468152713,-0.006420409307580988,0.00921300289734362,0.14625188696693253
2021-07-21,43.928688049316406,47.902000427246094,47.928001403808594,46.84999847412109,46.9630012512207,13660000,0.022258425128028225,0.022014321977762125,-0.0009687244538616024,0.015901032437919044,0.25242106451942936
2021-07-22,43.68200302124024,47.632999420166016,47.89899826049805,47.45100021362305,47.65999984741211,12583000,-0.005615579226933121,-0.005631405870283697,-0.0003268535457182198,0.015565864684891198,0.2471004413874294
2021-07-23,44.30742263793945,48.31499862670898,48.358001708984375,47.68299865722656,48.00299835205078,13489000,0.014317558111863748,0.014216029820689447,0.0064206679643659115,0.012159852017012201,0.19303166649816864
2021-07-26,44.223968505859375,48.2239990234375,48.36199951171875,47.96799850463867,48.21599960327149,11160000,-0.001883524861331476,-0.0018853009248066442,0.0070694505234751405,0.01145583132409526,0.18185568447035905
2021-07-27,43.59304428100586,47.5359992980957,48.180999755859375,46.77999877929688,48.07600021362305,14715000,-0.014266567342772984,-0.014369313205883512,0.0029620623617708786,0.014959764637141026,0.23747890141160144
2021-07-28,43.80305099487305,47.76499938964844,47.90800094604492,47.43199920654297,47.66999816894531,8359000,0.004817436298173217,0.0048058695849907416,-0.0005261354042001232,0.01078695288483816,0.1712375684247152
2021-07-29,44.39545440673828,48.4109992980957,48.58300018310547,47.74399948120117,47.84700012207031,9162000,0.013524249987393988,0.013433613596927262,0.0033018304386652985,0.011870948665920911,0.18844546797864423
2021-07-30,44.51376724243164,48.540000915527344,48.63399887084961,47.95700073242188,48.19599914550781,11548000,0.00266497634215912,0.002661431589099045,0.0009713140847243728,0.010192895608044282,0.161807201511166
2021-08-02,44.44773864746094,48.46799850463867,49.459999084472656,48.35100173950195,48.90499877929688,15619000,-0.0014833297440564053,-0.0014844309667401644,0.001051353108179387,0.010166410664509743,0.16138676606668614
2021-08-03,44.6412353515625,48.67900085449219,48.7760009765625,47.99599838256836,48.54899978637695,11135000,0.00435335317362906,0.004343904743346243,0.004775337211459796,0.0054851584453169825,0.08707419088856651
2021-08-04,44.733848571777344,48.77999877929688,48.99800109863281,48.4010009765625,48.85300064086914,12123000,0.002074611499558454,0.002072462464882813,0.004226772251736843,0.005615500470652027,0.08914330639506855
2021-08-05,44.7219352722168,48.766998291015625,49.042999267578125,48.48899841308594,49.042999267578125,8372000,-0.00026631510457753027,-0.0002663505727422718,0.0014686592333425397,0.0023368882503675362,0.037096950913328076
2021-08-06,44.51651382446289,48.542999267578125,48.8120002746582,48.40299987792969,48.50699996948242,9964000,-0.004593304080056759,-0.004603885716793078,1.700314889936383e-05,0.0034140842267535863,0.054196906914109444
2021-08-09,44.44773864746094,48.46799850463867,48.68299865722656,48.09999847412109,48.64899826049805,5952000,-0.0015449362740566075,-0.001546130918693821,4.681842899323385e-06,0.0034209567860418013,0.054306005410592426
2021-08-10,44.22581100463867,48.22600173950195,48.64500045776367,47.78300094604492,48.59000015258789,9319000,-0.004993001884358916,-0.005005508566226354,-0.0018645891686982718,0.0029751811309925835,0.047229536267869555
2021-08-11,44.34410858154297,48.35499954223633,48.59700012207031,47.979000091552734,48.48099899291992,9816000,0.002674853761118978,0.002671282706412592,-0.0017445407163861671,0.00317899328021538,0.0504649538339722
2021-08-12,44.40922164916992,48.42599868774414,48.5,47.67300033569336,48.22800064086914,8702000,0.0014683589254527174,0.001467281940623694,-0.0013976059103801175,0.0034626488218431617,0.05496784596088683
2021-08-13,44.58345413208008,48.61600112915039,48.89699935913086,48.21099853515625,48.26100158691406,8582000,0.003923340163143996,0.0039156639352111115,0.0003057229382600335,0.0035900237445689554,0.05698986017367795
2021-08-16,44.76503372192383,48.81399917602539,48.89099884033203,48.43999862670898,48.483001708984375,9188000,0.004072802194863945,0.004064530786937686,0.0014292706320441439,0.0037418989647851524,0.05940080455170931
2021-08-17,43.8984260559082,47.86899948120117,48.62200164794922,47.45199966430664,48.55899810791016,16499000,-0.019359030787263753,-0.019548870898067033,-0.0014439351485368234,0.010070235421625873,0.1598600314169744
2021-08-18,43.00704956054688,46.89699935913086,47.70800018310547,46.834999084472656,47.665000915527344,15616000,-0.020305431776211802,-0.02051442097294051,-0.006039992256002979,0.012637360227376536,0.2006118743398619
2021-08-19,43.42521286010742,47.35300064086914,47.58300018310547,46.26599884033203,46.6349983215332,14044000,0.009723133854412369,0.009676168377449458,-0.004389037270211049,0.014294090033551877,0.22691164468047106
2021-08-20,43.57562255859375,47.516998291015625,47.62300109863281,47.04399871826172,47.28200149536133,10007000,0.003463649078033759,0.0034576644606608238,-0.004480975487233097,0.01422858777830536,0.2258718286142941
2021-08-23,44.24322509765625,48.244998931884766,48.61899948120117,47.56999969482422,47.632999420166016,15707000,0.015320550800274058,0.015204376231463038,-0.002231425766151074,0.016609047245415353,0.26366045115054837
2021-08-24,44.149696350097656,48.14300155639648,48.30400085449219,48.01599884033203,48.2400016784668,9429000,-0.0021139676719351685,-0.002116205255603339,0.001217586856914643,0.01369874359089253,0.21746081289324942
2021-08-25,44.33127212524414,48.34099960327149,48.62699890136719,48.15700149536133,48.15700149536133,10017000,0.00411272987489264,0.004104295718410731,0.006101219187135532,0.006642938021026962,0.10545337187071742
2021-08-26,44.5449447631836,48.57400131225586,48.81100082397461,48.060001373291016,48.29999923706055,10836000,0.0048199076565138554,0.004808329091774963,0.005120573947555829,0.006329092947586165,0.1004712357835545
2021-08-27,45.48034286499024,49.59400177001953,49.64400100708008,48.66400146484375,48.80099868774414,16459000,0.02099897321187716,0.020781533512950496,0.008627638774324509,0.009328857309913542,0.14809101875062947
2021-08-30,45.75086975097656,49.88899993896485,50.78499984741211,49.82500076293945,50.0,19614000,0.005948215623382325,0.0059305948291604235,0.006753171738946162,0.008557546648076387,0.13584684158186697
2021-08-31,45.5968132019043,49.72100067138672,50.12900161743164,49.27000045776367,50.12900161743164,17378000,-0.0033672922484490053,-0.0033729743360777224,0.006502506823643395,0.008893956993731087,0.14118719026029666
2021-09-01,45.22539520263672,49.31600189208984,49.92399978637695,49.28900146484375,49.62699890136719,12586000,-0.008145700832707936,-0.008179058323999962,0.00405082068212328,0.01112671349749728,0.17663110094306103
2021-09-02,45.109840393066406,49.18999862670898,49.59799957275391,49.01599884033203,49.57899856567383,16991000,-0.002555086783709859,-0.002558356588890892,0.0025758217940785367,0.011482415067134821,0.18227768830835858
2021-09-03,45.63990783691406,49.76800155639648,50.59999847412109,49.50400161743164,49.59099960327149,25191000,0.011750594531678482,0.01168209240072577,0.0007261460580388013,0.007984999500263917,0.12675793738004015
2021-09-07,45.53995132446289,49.65900039672852,49.7599983215332,49.09999847412109,49.7599983215332,12398000,-0.0021901120573764032,-0.002192513860240719,-0.0009015194781129443,0.007467076794827695,0.11853616931841214
2021-09-08,45.337284088134766,49.4379997253418,49.98899841308594,48.81100082397461,49.96200180053711,13987000,-0.004450317368241419,-0.00446024950898707,-0.001118124502071427,0.007571464288158637,0.12019326940244665
2021-09-09,45.25566101074219,49.3489990234375,49.869998931884766,49.28499984741211,49.28499984741211,13174000,-0.0018003521612345308,-0.0018019747429582303,0.00015094523222325407,0.006563806087380575,0.10419719136756539
2021-09-10,45.683013916015625,49.81499862670898,50.5989990234375,49.6510009765625,49.70500183105469,16110000,0.00944308172124586,0.009398774537554569,0.002550578933214398,0.007459292579991173,0.11841259873875612
2021-09-13,45.75728988647461,49.89599990844727,50.24700164794922,49.32600021362305,50.20000076293945,14927000,0.0016258990835309461,0.0016245787405852138,0.0005256398435848908,0.005437762347798163,0.08632180116566794
2021-09-14,46.02415084838867,50.1870002746582,50.54199981689453,49.83599853515625,50.20000076293945,14134000,0.0058320971931720145,0.0058151563495217684,0.0021300816936945743,0.005616694988336582,0.08916226877544857
2021-09-15,46.745872497558594,50.9739990234375,51.06999969482422,49.94200134277344,50.21200180053711,23346000,0.01568136806146403,0.015559685856367909,0.006156418779635664,0.00680932832823592,0.10809473611139667
2021-09-16,46.52669143676758,50.73500061035156,50.915000915527344,50.02099990844727,50.52000045776367,17569000,-0.004688778903473523,-0.004699805708946517,0.005578733431187866,0.007715363184874205,0.12247759357032242
2021-09-17,46.40289688110352,50.59999847412109,50.762001037597656,50.09999847412109,50.39699935913086,34470000,-0.002660721229926666,-0.0026642672400178802,0.00315797284095336,0.00808953540890288,0.12841739348404935
2021-09-20,45.377628326416016,49.48199844360352,50.29999923706055,48.84400177001953,49.900001525878906,30105000,-0.022094925610237515,-0.022342674609201762,-0.0015861920978003318,0.014005253102720515,0.22232650054988537
2021-09-21,45.35637664794922,49.0989990234375,49.375,48.70000076293945,49.3489990234375,16935000,-0.00046832942246177733,-0.0004684391229377264,-0.0028462774209270904,0.01344310216926894,0.21340263113471125
2021-09-22,46.24321365356445,50.05899810791016,50.29999923706055,49.22200012207031,49.42499923706055,20610000,0.019552642233720663,0.01936394504381716,-0.0020720225864757635,0.014818135725897288,0.2352306121459548
2021-09-23,46.585914611816406,50.43000030517578,50.729000091552734,50.05899810791016,50.2509994506836,18370000,0.007410837854378682,0.007383512514921287,0.0003479007650946775,0.015265202823294303,0.24232758230038676
2021-09-24,46.6431999206543,50.492000579833984,50.54999923706055,50.08300018310547,50.22700119018555,10605000,0.0012296701549219247,0.0012289147297960417,0.0011259790420643956,0.015172379105365272,0.24085405145993502
2021-09-27,46.63673782348633,50.48500061035156,50.58200073242188,49.73799896240234,49.97800064086914,9831000,-0.00013854317840455987,-0.00013855277639720226,0.005517255528430987,0.008467236983572058,0.13441322010228218
2021-09-28,45.35914993286133,49.10200119018555,50.14500045776367,49.05400085449219,49.70000076293945,20124000,-0.027394452319124407,-0.027776677059075373,0.00013203094909846057,0.017241856599081277,0.2737059882132417
2021-09-29,45.21689224243164,48.948001861572266,49.42699813842773,48.76499938964844,49.36299896240234,15783000,-0.0031362512445725077,-0.003141179587552518,-0.004405747746560174,0.013413526981263491,0.21293313958006885
2021-09-30,44.796573638916016,48.49300003051758,49.45199966430664,48.448001861572266,49.45199966430664,15735000,-0.009295610172899038,-0.009339083977236219,-0.007747037352015718,0.011706288934317667,0.18583157577403128
2021-10-01,45.0201301574707,48.73500061035156,48.86600112915039,47.75,48.78499984741211,16052000,0.0049904825390592045,0.004978071355808444,-0.006994874875188262,0.012519816250724245,0.19874592155784865
2021-10-04,43.9670295715332,47.595001220703125,48.65599822998047,47.27799987792969,48.49300003051758,20093000,-0.023391771242197268,-0.02366970146564057,-0.011645520487946804,0.013607806572555661,0.21601723248031496
2021-10-05,44.841835021972656,48.54199981689453,48.979000091552734,47.53300094604492,47.59400177001953,16557000,0.019896851321651532,0.019701496027341732,-0.0021872597597916155,0.01612675172196348,0.25600424706958813
2021-10-06,45.15222930908203,48.87799835205078,48.935001373291016,47.970001220703125,48.3129997253418,12042000,0.006921980042905895,0.0068981331210823645,-0.00017561350229593485,0.01659919083890679,0.2635039855478939
2021-10-07,45.62704849243164,49.391998291015625,49.9900016784668,49.26300048828125,49.26300048828125,13261000,0.01051596323404791,0.010461055098511182,0.0037867011790934544,0.016238598551686478,0.2577797604478564
2021-10-08,45.528202056884766,49.28499984741211,49.79999923706055,49.12799835205078,49.68199920654297,10279000,-0.002166399949435016,-0.0021687499885019368,0.0023553246813946107,0.01642037196430397,0.26066532391635283
2021-10-11,45.4810791015625,49.23400115966797,49.95899963378906,49.084999084472656,49.124000549316406,11186000,-0.0010350278111880273,-0.0010355638223625608,0.006826673367596459,0.009043384432027159,0.14355927730498177
2021-10-12,44.82890701293945,48.52799987792969,49.66999816894531,48.20199966430664,49.58399963378906,20991000,-0.014339415455967952,-0.01444321838424207,-2.0579987927438204e-05,0.009616139814192707,0.1526514871246846
2021-10-13,44.80397033691406,48.5009994506836,48.53799819946289,47.95500183105469,48.117000579833984,16424000,-0.0005562633061340083,-0.0005564180779654724,-0.001516228657735419,0.008814527381297833,0.13992628425290085
2021-10-14,45.96699523925781,49.7599983215332,49.915000915527344,49.08200073242188,49.18600082397461,19233000,0.025958076786456896,0.025626885081837903,0.0015721940527463785,0.014774603341118651,0.23453955696134374
2021-10-15,46.48892974853516,50.32500076293945,50.58599853515625,50.108001708984375,50.43999862670898,25103000,0.011354549205591757,0.011290570158422287,0.004276383883751733,0.01515181333671211,0.24052758000367208
2021-10-18,46.49909591674805,50.33599853515625,50.39799880981445,49.86600112915039,50.03900146484375,16042000,0.00021867933436792164,0.0002186554275275063,0.004527125312862923,0.015051987453969755,0.2389428932428095
2021-10-19,47.14850616455078,51.03900146484375,51.08700180053711,50.17699813842773,50.43199920654297,16383000,0.013966083318381894,0.013869456205618453,0.010188225067732893,0.01094482321388634,0.1737436822050597
2021-10-20,47.056129455566406,50.93899917602539,51.34299850463867,50.84400177001953,51.09999847412109,13458000,-0.001959271173130661,-0.0019611930556318762,0.009907623494333561,0.011301333649436729,0.1794031099186536
2021-10-21,47.49584197998047,51.415000915527344,51.479000091552734,50.86000061035156,50.94200134277344,11787000,0.009344426103495618,0.00930103704170977,0.006584893357741306,0.007042336821660923,0.11179363127320698
2021-10-22,47.61223983764648,51.54100036621094,52.13800048828125,51.30199813842773,51.4739990234375,15367000,0.0024506957412202546,0.0024476976836311825,0.004804122664867005,0.00664951658696704,0.10555780336748274
2021-10-25,48.22747039794922,52.20700073242188,52.45000076293945,51.51800155639648,51.749000549316406,12416000,0.012921689095086064,0.012838916350437218,0.007344724617010634,0.006882215961756435,0.10925179142308045
2021-10-26,49.31752014160156,53.387001037597656,53.499000549316406,52.400001525878906,52.52299880981445,24043000,0.022602258311659185,0.02235061206310228,0.009071959615666092,0.009532743910664308,0.1513276181980985
2021-10-27,48.32353973388672,52.31100082397461,53.60699844360352,52.18600082397461,53.18199920654297,23500000,-0.020154711852114704,-0.020360589017030823,0.005432871479869284,0.01604515725954905,0.2547089751341366
2021-10-28,48.9202995300293,52.95700073242188,52.994998931884766,52.34299850463867,52.41400146484375,11872000,0.012349256685848742,0.012273626628908022,0.006033837596339908,0.016282802348741972,0.258481473971938
2021-10-29,49.11429977416992,53.16699981689453,53.21500015258789,52.34999847412109,52.34999847412109,15564000,0.003965638927078574,0.003957796507660412,0.006336826233511572,0.016213406018809995,0.2573798413865344
2021-11-01,48.77989196777344,52.80500030517578,53.257999420166016,52.49300003051758,53.03400039672852,16896000,-0.0068087666511404965,-0.0068320520595944005,0.00239073508426626,0.01660637043061824,0.26361795803299476
2021-11-02,49.61314392089844,53.70700073242188,54.08200073242188,52.667999267578125,52.744998931884766,16262000,0.017081873688352678,0.016937618927686166,0.0012866581596049586,0.015035916238716831,0.23868777060985455
2021-11-03,50.10273361206055,54.23699951171875,54.37900161743164,53.37699890136719,53.90499877929688,14038000,0.00986814485981169,0.009819772687070804,0.007291229501990237,0.009191712157267216,0.14591390694610845
2021-11-04,50.68009185791016,54.86199951171875,54.90700149536133,54.09199905395508,54.380001068115234,15956000,0.011523487926228482,0.011457598242101536,0.007126075750066185,0.009084908957939902,0.14421845871823163
2021-11-05,51.63157653808594,55.891998291015625,55.96699905395508,54.98099899291992,55.0,18674000,0.01877432824793246,0.018600265776569137,0.010087813614236963,0.010148599072752167,0.1611040158132176
2021-11-08,51.63434982299805,55.89500045776367,56.38899993896485,55.810001373291016,56.196998596191406,17231000,5.371296206813092e-05,5.371151957863721e-05,0.011460309536878687,0.007378114232360392,0.11712393242071094
2021-11-09,51.52812194824219,55.77999877929688,56.18999862670898,55.51399993896485,55.91899871826172,15838000,-0.0020573102037695357,-0.002059429373431899,0.007632472758454245,0.008596636935967555,0.13646738066449465
2021-11-10,50.693946838378906,54.87699890136719,56.09000015258789,54.80500030517578,55.43000030517578,18450000,-0.01618873497274309,-0.01632120416067993,0.002421096791943289,0.013437523740832923,0.21331407632862162
2021-11-11,51.306419372558594,55.540000915527344,55.71200180053711,54.88100051879883,55.26900100708008,14157000,0.012081768581411856,0.012009366594700924,0.002532752922979964,0.013534039463018085,0.21484621591968006
2021-11-12,52.02880096435547,56.321998596191406,56.58399963378906,55.45899963378906,55.84099960327149,13592000,0.014079750655592305,0.013981551638004911,0.001593837404511933,0.012225153093038055,0.19406828894322464
2021-11-15,52.26436233520508,56.57699966430664,56.76900100708008,55.983001708984375,56.76900100708008,13972000,0.0045275187296933694,0.004517300347771177,0.0024885985580369806,0.012247948683382555,0.19443015772146735
2021-11-16,52.541500091552734,56.87699890136719,56.95299911499024,56.27399826049805,56.40900039672852,13194000,0.005302614323890342,0.005288604966878875,0.003960583463568956,0.012004881176549836,0.19057158067218813
2021-11-17,52.62187194824219,56.9640007019043,57.13600158691406,56.40999984741211,56.81399917602539,12532000,0.0015296833274536237,0.001528514553663187,0.007504267123608299,0.005329035111163055,0.08459580979241334
2021-11-18,53.09946060180664,57.48099899291992,57.67300033569336,56.9640007019043,57.11000061035156,12712000,0.009075858305348738,0.009034920215787666,0.006903085068395676,0.004829693074948363,0.07666900071050524
2021-11-19,52.5368766784668,56.87200164794922,57.72100067138672,56.59299850463867,57.62799835205078,19612000,-0.01059490844094757,-0.010651434093974942,0.001968153249087701,0.00752016004466146,0.11937883978547165
2021-11-22,51.11056900024414,55.32799911499024,57.20399856567383,55.24800109863281,57.167999267578125,25898000,-0.027148695704768744,-0.027524030370547417,-0.004367089637804722,0.014720523577203869,0.23368106732366614
2021-11-23,51.28053665161133,55.512001037597656,55.58599853515625,54.85300064086914,55.242000579833984,17109000,0.0033254893203473745,0.0033199721089721625,-0.004762514638513316,0.014419310396242222,0.22889945631303085
2021-11-24,51.61403274536133,55.87300109863281,55.90800094604492,54.73899841308594,55.323001861572266,12084000,0.0065033659069462235,0.006482310261959648,-0.0037677781226147953,0.015116603907244277,0.23996864763861397
2021-11-26,50.49256896972656,54.65900039672852,55.72999954223633,54.33200073242188,55.17699813842773,14219000,-0.02172788515029478,-0.021967411605145645,-0.0099285268137435,0.014848225317608155,0.23570826960626534
2021-11-29,52.13226318359375,56.43399810791016,56.755001068115234,55.36800003051758,55.619998931884766,18703000,0.032473970869857816,0.03195783572400241,-0.0013147509515824217,0.024023016321055708,0.3813535615629552
2021-11-30,51.14752578735352,55.36800003051758,56.499000549316406,55.20000076293945,56.32699966430664,22574000,-0.01888921247812103,-0.019069892539554538,0.0003371456937471207,0.022001400162544676,0.3492613999518557
2021-12-01,51.24728775024414,55.47600173950195,56.84799957275391,55.33300018310547,56.34799957275391,21980000,0.0019504748539622696,0.001948575147702735,6.214280047009968e-05,0.021963270116501822,0.34865610423600263
2021-12-02,51.03389739990234,55.244998931884766,55.9109992980957,54.400001525878906,54.60699844360352,22619000,-0.004163934516530299,-0.004172627832517354,-0.0020713172842252046,0.021697655700320544,0.34443960609690705
2021-12-03,51.55767059326172,55.8120002746582,56.900001525878906,55.040000915527344,56.49399948120117,20305000,0.010263241101401421,0.010210931647693943,0.004326907966114036,0.019001495270657327,0.30163938614717545
2021-12-06,52.1913948059082,56.49800109863281,56.83700180053711,55.595001220703125,56.46500015258789,22482000,0.01229156021508282,0.012216632350910748,0.0002904258351590361,0.012589081434474774,0.1998454722621632
2021-12-07,54.53961944580078,59.040000915527344,59.30699920654297,57.20000076293945,57.20000076293945,29562000,0.04499256340293778,0.04400976903062782,0.013066781011370798,0.019027520889570458,0.3020525300393396
2021-12-08,54.36964416503906,58.85599899291992,59.09400177001953,58.24300003051758,59.09400177001953,17998000,-0.0031165468789278172,-0.003121413424995112,0.012053376664792781,0.019883278791383494,0.3156372655833939
2021-12-09,53.89482498168945,58.34199905395508,59.02399826049805,58.244998931884766,58.244998931884766,29080000,-0.008733167020705479,-0.008771524609249856,0.011139530163957745,0.020894273984068824,0.33168631672255716
2021-12-10,58.35296249389648,63.167999267578125,64.4749984741211,61.85900115966797,62.39799880981445,57087000,0.08271921309182573,0.079475666713264,0.025630724562042607,0.038141815279961674,0.6054825467000522
2021-12-13,57.42734146118164,62.16600036621094,63.44200134277344,62.12300109863281,63.400001525878906,26898000,-0.015862451419011547,-0.015989606555635454,0.019999922235223733,0.042439406701507545,0.6737046955279018
2021-12-14,56.80379486083984,61.49100112915039,61.86199951171875,60.56399917602539,61.78400039672852,35956000,-0.010858009172569738,-0.010917387566111282,0.00882980772012223,0.04155759705376207,0.6597064013381099
2021-12-15,59.10861206054688,63.98600006103516,64.08599853515625,61.03400039672852,61.55699920654297,29092000,0.040575056743189064,0.039773499514887206,0.017568128444545604,0.04298659585686934,0.6823910540790946
2021-12-16,57.33681106567383,62.06800079345703,64.06600189208984,61.150001525878906,63.73600006103516,42748000,-0.029975344253695857,-0.030433789512589026,0.01331969299794753,0.04708972108588483,0.7475261478038742
2021-12-17,58.65595626831055,63.49599838256836,63.999000549316406,61.5099983215332,61.75299835205078,50661000,0.023006950999171716,0.022746281667003383,0.0013772405794167275,0.029301049713547037,0.4651397441711149
2021-12-20,59.58618927001953,64.50299835205078,64.60900115966797,62.50899887084961,62.630001068115234,32770000,0.015859139649071707,0.015734697466903567,0.0077215587930333784,0.028042256550373592,0.44515702220016323
2021-12-21,60.079864501953125,64.6240005493164,64.9469985961914,63.33000183105469,64.80999755859375,36534000,0.008285061320106646,0.008250928597774442,0.011550172891568655,0.02611177114578749,0.41451151645911477
2021-12-22,60.912841796875,65.5199966430664,65.71600341796875,63.92599868774414,64.33200073242188,28383000,0.013864500225275966,0.0137692672706894,0.006208061587986036,0.020901673569286763,0.33180378149630735
2021-12-23,61.805362701416016,66.4800033569336,67.072998046875,65.61299896240234,65.61299896240234,23596000,0.014652425961627191,0.014546116372420155,0.015133615631050645,0.005274009112636939,0.08372229914595468
2021-12-27,62.68668746948242,67.4280014038086,67.62999725341797,66.44599914550781,66.4800033569336,19442000,0.014259681191810536,0.014158968231958636,0.013384161669578409,0.0029466970598171025,0.04677736565592764
2021-12-28,62.1958122253418,66.9000015258789,67.7760009765625,66.7030029296875,67.75499725341797,17247000,-0.00783061386645445,-0.007861434123001903,0.008646210966473177,0.009571211978758796,0.1519382798476692
2021-12-29,62.53142929077149,67.26100158691406,67.69999694824219,66.91200256347656,66.9800033569336,14797000,0.005396136064816037,0.0053816290869516175,0.008068425915415057,0.00968498547937119,0.1537443781781271
2021-12-30,61.83138656616211,66.50800323486328,67.56999969482422,66.38400268554688,67.30999755859375,11473000,-0.011195053952056333,-0.011258190220080603,0.0030565150799485965,0.012114936060791223,0.19231864779781238
2021-12-31,61.86206817626953,66.54100036621094,67.13099670410156,66.3270034790039,66.6969985961914,12046000,0.0004962141690707522,0.0004960910955321649,0.0002252727214373085,0.010235929710381772,0.1624903467072454
2022-01-03,61.667762756347656,66.33200073242188,67.16999816894531,66.12200164794922,66.63200378417969,22591000,-0.003140946070025019,-0.0031458891945713038,-0.0032548527309298027,0.006574714255409663,0.10437035316675101
2022-01-04,62.37432861328125,67.09200286865234,67.21900177001953,65.7229995727539,66.28800201416016,21103000,0.011457621054379308,0.011392479619312577,0.000602794253236949,0.008573499341035204,0.13610008273173177
2022-01-05,59.77865219116211,64.30000305175781,67.12100219726562,64.20099639892578,67.12100219726562,34961000,-0.041614498782219345,-0.042505179847047776,-0.008799332716170127,0.020070770485818536,0.31861360396158533
2022-01-06,59.2236213684082,63.70299911499024,64.86499786376953,63.44300079345703,64.01599884033203,28581000,-0.009284766424291546,-0.00932813854348809,-0.00841727521061717,0.020031909778742862,0.31799670936141916
2022-01-07,57.56134414672852,61.915000915527344,63.99100112915039,61.84600067138672,63.584999084472656,27832000,-0.028067807798163313,-0.028469238064338844,-0.014130079604063983,0.020908264546574955,0.3319084100171159
2022-01-10,57.74821472167969,62.11600112915039,62.20399856567383,60.35699844360352,60.88600158691406,29793000,0.0032464595419248177,0.0032412011698007754,-0.012852598481674016,0.021918287867503935,0.34794203317043787
2022-01-11,57.83095932006836,62.20500183105469,62.79999923706055,61.45700073242188,61.55400085449219,19037000,0.0014328511935384203,0.0014318256417921531,-0.014857552453842193,0.0194591461050481,0.3089043679177706
2022-01-12,57.82630920410156,62.20000076293945,63.0989990234375,61.9739990234375,62.7509994506836,18806000,-8.040876411996578e-05,-8.041199707794603e-05,-0.006550734450222318,0.012961936011174803,0.2057643551730064
2022-01-13,55.51976776123047,59.71900177001953,62.78799819946289,59.415000915527344,62.74700164794922,30048000,-0.039887405484067995,-0.04070471544361906,-0.012671262262177607,0.019928632303360543,0.31635723026604184
2022-01-14,55.44353485107422,59.637001037597656,60.03799819946289,59.20000076293945,59.57799911499024,25661000,-0.0013730768918936986,-0.0013740204257644939,-0.007332316080923685,0.018280284383169268,0.2901905182404219
2022-01-18,53.7161750793457,57.77899932861328,59.104000091552734,57.5989990234375,58.83200073242188,35825000,-0.031155296579995162,-0.031650944723581015,-0.01421266730530768,0.019720566230741973,0.31305428375953
2022-01-19,52.43135833740234,56.39699935913086,58.47299957275391,56.33300018310547,58.15800094604492,22692000,-0.02391861929941075,-0.024209314179761236,-0.019282961403897514,0.017863977536004164,0.28358185192026847
2022-01-20,50.92062759399414,54.77199935913086,57.01399993896485,54.67699813842773,56.79999923706055,25225000,-0.02881349618460116,-0.02923675517440759,-0.02502957888799375,0.014434869036534558,0.22914644207074183
2022-01-21,49.573509216308594,53.323001861572266,55.540000915527344,53.13399887084961,54.66400146484375,38010000,-0.02645525872985177,-0.026811496037326445,-0.022343149537150508,0.012027622530811374,0.19093258847930522
2022-01-24,50.349796295166016,54.15800094604492,54.35100173950195,51.34000015258789,53.0890007019043,54256000,0.01565931262743936,0.01553797070613712,-0.018936671633283896,0.019526120584045903,0.3099675548114684
2022-01-25,49.65810775756836,53.41400146484375,54.540000915527344,52.422000885009766,52.79999923706055,38158000,-0.013737663078967843,-0.01383289798162514,-0.015453144933078432,0.018317598390994384,0.2907828597511682
2022-01-26,51.79452896118164,55.71200180053711,57.41699981689453,55.00699996948242,55.20000076293945,49715000,0.04302260597691965,0.042122849778886855,-0.002064899877812354,0.030796352475564656,0.48887693962939466
2022-01-27,50.41766357421875,54.23099899291992,57.0260009765625,54.10300064086914,56.97200012207031,34183000,-0.026583220555877807,-0.0269429437571184,-0.001618844752067683,0.03032460684745043,0.48138820994496145
2022-01-28,52.07156753540039,56.0099983215332,56.04999923706055,53.23899841308594,54.33599853515625,30254000,0.03280405802119257,0.03227748968780568,0.010233018598141186,0.029766098894174434,0.47252217104724165
2022-01-31,54.46829605102539,58.5880012512207,58.637001037597656,55.59999847412109,55.93999862670898,40288000,0.0460275852843417,0.04499973745975435,0.016306673129521655,0.03395380138526008,0.5389998871840714
2022-02-01,55.10419464111328,59.27199935913086,59.38999938964844,57.58200073242188,58.58700180053711,25719000,0.01167465546365154,0.011607032481351164,0.021389136838045532,0.03000449456641715,0.47630658502157136
2022-02-02,56.09988784790039,60.34299850463867,60.47999954223633,59.36299896240234,59.900001525878906,24443000,0.01806928153604148,0.017907972331295992,0.016398471949869896,0.02747525954771813,0.43615622382129093
2022-02-03,54.00066375732422,58.084999084472656,59.902000427246094,58.012001037597656,59.56700134277344,30602000,-0.03741939905954261,-0.038137475089460554,0.014231236249136936,0.031800205759052735,0.5048126164748251
2022-02-04,54.86619567871094,59.01599884033203,59.65299987792969,57.61399841308594,57.63800048828125,20548000,0.016028171899448607,0.015901077019358188,0.010876059024788142,0.030195221241916887,0.4793342771321219
2022-02-07,54.63098907470703,58.76300048828125,60.15800094604492,58.41600036621094,59.01599884033203,18671000,-0.004286912935995146,-0.004296128093069647,0.0008131593807207737,0.02310293118560822,0.3667476628425478
2022-02-08,55.801456451416016,60.02199935913086,60.185001373291016,58.69900131225586,58.8380012512207,14570000,0.021424971367594914,0.02119868310917003,0.0027632225615094484,0.024611189943017715,0.39069052835159274
2022-02-09,56.83526611328125,61.13399887084961,61.172000885009766,60.15599822998047,60.73500061035156,22004000,0.018526571304914308,0.018357045009039025,0.002854680515284014,0.02468303355107002,0.39183101027276873
2022-02-10,54.97775650024414,59.13600158691406,61.4640007019043,58.85699844360352,59.52999877929688,24920000,-0.032682342145364696,-0.033228339174110166,0.0038020918981195974,0.0227672963561517,0.3614196251021067
2022-02-11,53.309906005859375,57.34199905395508,59.97600173950195,56.90800094604492,59.13600158691406,27281000,-0.030336823482008723,-0.030806508489823213,-0.005470907178171868,0.025784903942343406,0.4093226604667776
2022-02-14,53.78962707519531,57.858001708984375,58.28099822998047,57.00699996948242,57.5,19291000,0.008998722850556362,0.00895847561304582,-0.002813780020861567,0.026608794657103942,0.4224015200992874
2022-02-15,56.03852844238281,60.277000427246094,60.604000091552734,58.82500076293945,58.90299987792969,34284000,0.041809201689456676,0.04095881878126741,0.0012630660435107854,0.03222073040412316,0.5114882382610054
2022-02-16,55.52162551879883,59.72100067138672,60.08100128173828,58.72200012207031,59.40599822998047,22931000,-0.009224063121419213,-0.009266868219606296,-0.004287060841755919,0.030865164802327573,0.489969301451897
2022-02-17,53.82866668701172,57.900001525878906,59.15800094604492,57.88899993896485,58.970001220703125,21424000,-0.03049188160411298,-0.030966430537804655,-0.0038489687335055756,0.03037299211675972,0.4821563022832291
2022-02-18,53.92071533203125,57.999000549316406,58.77399826049805,57.32799911499024,58.09400177001953,19708000,0.0017100301880919044,0.0017085697511602653,0.00256040200051455,0.02652343517674957,0.42104648035693115
2022-02-22,53.68549728393555,57.74599838256836,59.02099990844727,56.98099899291992,57.999000549316406,20204000,-0.004362294651457876,-0.0043718372205482975,-0.00011180149988829769,0.026385312439548007,0.41885384987869795
2022-02-23,52.54477691650391,56.51900100708008,58.50699996948242,56.4739990234375,58.02299880981445,22416000,-0.021248203428171908,-0.0214771961009513,-0.012723282523414014,0.01302755311032543,0.20680599432964256
2022-02-24,53.9216423034668,58.0,58.56900024414063,54.902000427246094,55.15800094604492,35316000,0.02620365843689454,0.02586622455240183,-0.005637738211751264,0.02197103812585314,0.3487794175615563
2022-02-25,54.666316986083984,58.80099868774414,58.9379997253418,57.400001525878906,57.983001708984375,22380000,0.013810311607836745,0.013715818249045606,0.0032227004306386807,0.018019901488701903,0.286057067933927
2022-02-28,54.613319396972656,58.74399948120117,59.22999954223633,57.63800048828125,58.09999847412109,25005000,-0.000969474294835293,-0.0009699445389904468,0.0026867995340532414,0.018115722504647002,0.2875781794053127
2022-03-01,53.003116607666016,57.012001037597656,58.762001037597656,56.52999877929688,58.479000091552734,24898000,-0.029483701175576194,-0.029927082259149352,-0.002337481770770422,0.023301029920282244,0.369892382764452
2022-03-02,54.45899963378906,58.57799911499024,59.053001403808594,57.358001708984375,57.45199966430664,21771000,0.027467875840200717,0.02709740251041236,0.007405734082904103,0.023600024651688624,0.374638776980171
2022-03-03,53.79148483276367,57.86000061035156,59.369998931884766,57.43299865722656,59.36800003051758,26454000,-0.0122571990949909,-0.012332938094813997,-0.00028643742347298493,0.022165661071597106,0.3518689610447484
2022-03-04,55.408203125,59.5989990234375,60.59099960327149,58.4010009765625,59.27899932861328,44757000,0.03005528286238368,0.029612473483143453,0.0029625568274364023,0.025663144592025764,0.407389790702354
2022-03-07,53.05703353881836,57.06999969482422,59.87799835205078,57.0,59.70800018310547,26494000,-0.0424336010477987,-0.04336021416749118,-0.005330268523156279,0.032923712886817905,0.5226477392124758
2022-03-08,53.54512023925781,57.595001220703125,59.60499954223633,56.36100006103516,57.21699905395508,26993000,0.009199283636586175,0.009157227951563018,0.0024063284392761954,0.030266848181164208,0.48047131954264877
2022-03-09,55.50396347045898,59.70199966430664,60.16400146484375,58.70000076293945,58.87900161743164,22560000,0.03658303917235384,0.035929764660403304,0.004229361105706819,0.03235613370435304,0.5136376990156395
2022-03-10,54.64029312133789,58.77299880981445,59.00199890136719,57.637001037597656,58.555999755859375,19323000,-0.015560516675187763,-0.01568285224396993,0.003568697589667447,0.03280749825535419,0.5208028891311157
2022-03-11,53.72175979614258,57.78499984741211,59.44300079345703,57.71200180053711,59.20000076293945,19813000,-0.016810549005576436,-0.016953450044966522,-0.005804468783924576,0.029915802764366783,0.47489864631223877
2022-03-14,52.78741836547852,56.77999877929688,57.99800109863281,56.47499847412109,57.69599914550781,25234000,-0.017392234249391514,-0.017545256011357507,-0.0007961954242431402,0.023701212985825174,0.3762450919864083
2022-03-15,55.10791778564453,59.2760009765625,59.67599868774414,57.50400161743164,57.72700119018555,28260000,0.04395932765834121,0.0430205305198918,0.006155813380107867,0.03125893912410971,0.49622027502060895
2022-03-16,56.44293975830078,60.71200180053711,60.77099990844727,58.40599822998047,59.665000915527344,29454000,0.024225592733319035,0.023936807757276024,0.0036843240923009057,0.028629725202234654,0.45448279793538776
2022-03-17,56.02923202514648,60.266998291015625,60.70000076293945,59.76300048828125,60.47200012207031,18174000,-0.007329663106242834,-0.007356657072203655,0.005330494806089892,0.02745923928466924,0.43590191002949974
2022-03-18,56.748802185058594,61.04100036621094,61.32099914550781,59.5989990234375,60.39699935913086,41538000,0.01284276321312361,0.012760994278191889,0.0112611572498299,0.024527453286124806,0.38936125013304124
2022-03-21,56.27894973754883,60.12900161743164,60.560001373291016,58.88600158691406,60.560001373291016,25789000,-0.008279513036725805,-0.008313978575211552,0.013083701492363042,0.022082778765773636,0.3505532452289694
2022-03-22,57.21959686279297,61.13399887084961,61.34999847412109,59.93299865722656,60.172000885009766,19262000,0.01671401349226942,0.01657587151496545,0.007634638659148684,0.014680002702198746,0.2330378183746444
2022-03-23,56.10017013549805,59.9379997253418,61.137001037597656,59.91600036621094,60.79999923706055,13839000,-0.019563694759667682,-0.019757596964921333,-0.0011232188394486586,0.015354145703908719,0.24373950675835948
2022-03-24,58.63197326660156,62.64300155639648,62.72200012207031,60.20000076293945,60.66299819946289,26016000,0.04513004372336993,0.04414132142871363,0.009368722526473893,0.024967175152216678,0.39634161835533926
2022-03-25,58.86035537719727,62.887001037597656,63.04100036621094,62.00699996948242,62.70800018310547,14538000,0.003895180357605277,0.0038876137850080324,0.007579205955370228,0.02497658001867187,0.3964909159818646
2022-03-28,59.23567962646485,63.28799819946289,63.33000183105469,61.57799911499024,62.5880012512207,14427000,0.00637652027179203,0.006356276278319516,0.010510412617073795,0.023464365642563278,0.3724852569726644
2022-03-29,60.0396842956543,64.14700317382812,64.53099822998047,63.0,64.0,23001000,0.013572979566697452,0.013481691783412247,0.0098822058319594,0.023298214812027426,0.36984769430631614
2022-03-30,59.06814193725586,63.10900115966797,64.42900085449219,62.733001708984375,63.887001037597656,18626000,-0.01618167000369719,-0.016314022962487143,0.0105586107831535,0.02225536001362389,0.3532928876055592
2022-03-31,58.936161041259766,62.96799850463867,63.900001525878906,62.80500030517578,63.04800033569336,21731000,-0.002234383741684054,-0.00223688370164408,0.0010857252901427029,0.011191549634637353,0.1776603427121173
2022-04-01,58.68345642089844,62.698001861572266,63.45700073242188,61.86899948120117,63.16899871826172,16267000,-0.004287768593960739,-0.004296987435328337,-0.0005508645001705004,0.01127599664038422,0.17900089736913882
2022-04-04,59.420066833496094,63.48500061035156,63.672000885009766,62.45199966430664,62.641998291015625,16484000,0.012552266984998672,0.012474140379781284,0.0006842848424708281,0.012496677822340442,0.19837861039445412
2022-04-05,57.47978973388672,61.4119987487793,63.22600173950195,61.29999923706055,62.95500183105469,19778000,-0.03265356642977735,-0.03319859166836277,-0.008561024356824131,0.016901057594015334,0.26829597172646535
2022-04-06,56.34540557861328,60.20000076293945,61.15900039672852,59.37699890136719,60.20800018310547,23742000,-0.01973535673191007,-0.01993269962176616,-0.009271761702466708,0.017369864113358273,0.2757380445055886
2022-04-07,56.44367599487305,60.30500030517578,60.76399993896485,59.32400131225586,59.983001708984375,16583000,0.0017440715041558974,0.001742552377503954,-0.008476070653298718,0.017857120349532254,0.28347299745967885
2022-04-08,54.94145202636719,58.70000076293945,59.85900115966797,58.59700012207031,59.73799896240234,20464000,-0.026614566504178594,-0.026975146256268182,-0.012941430235342288,0.019282589072257033,0.30610161191186275
2022-04-11,54.343360900878906,58.06100082397461,58.928001403808594,57.94300079345703,58.257999420166016,23512000,-0.010885972311056702,-0.010945658061160551,-0.017629078094553365,0.013524968228930914,0.21470221454280541
2022-04-12,54.76080703735352,58.50699996948242,59.85900115966797,58.21699905395508,58.9109992980957,17350000,0.007681640030251957,0.007652286460013642,-0.009562036802547502,0.014328385189875654,0.22745606340931185
2022-04-13,55.45997619628906,59.25400161743164,59.67100143432617,58.60499954223633,58.84999847412109,20266000,0.012767692748914872,0.012686872954398215,-0.003061426906382514,0.015851192596643065,0.25162988156703436
2022-04-14,53.71064376831055,57.3849983215332,59.70600128173828,57.2859992980957,59.499000549316406,27385000,-0.03154224988822785,-0.03205042113230917,-0.009718691184859263,0.019821136769403495,0.31465079156663917
2022-04-18,54.894649505615234,58.650001525878906,59.12200164794922,57.28499984741211,57.28499984741211,21375000,0.022044154644879743,0.021804695001742817,1.3053044952404668e-05,0.02133883428722747,0.33874349275213267
2022-04-19,55.93544387817383,59.762001037597656,59.869998931884766,57.93600082397461,57.93600082397461,16581000,0.018959850949629153,0.018782353022396607,0.005982217697089576,0.021699200209104097,0.34446412441374125
2022-04-20,55.9448127746582,59.77199935913086,61.34299850463867,59.51300048828125,60.41999816894531,13920000,0.00016749480892253032,0.00016748078323315391,0.00447938865282369,0.02181199010393945,0.3462546084865541
2022-04-21,55.47775650024414,59.27299880981445,61.58700180053711,59.06600189208984,60.55400085449219,20352000,-0.008348517963503332,-0.008383562019854232,0.00025614651034004953,0.02185024016787393,0.3468618094273718
2022-04-22,54.936767578125,58.69499969482422,59.874000549316406,58.6259994506836,59.01100158691406,21064000,-0.009751456371830058,-0.009799313192457413,0.004614305213619607,0.015031453248829539,0.23861692284178113
2022-04-25,55.02381134033203,58.78799819946289,58.8759994506836,57.11199951171875,58.14899826049805,26959000,0.0015844354526910465,0.0015831815591400406,0.0005223613751818678,0.011461225771859433,0.1819413186738262
2022-04-26,52.42088317871094,56.00699996948242,58.54600143432617,55.97100067138672,58.380001068115234,35809000,-0.04730548644697696,-0.048460979126099916,-0.012730706104139355,0.019967359628958587,0.31697200750089216
2022-04-27,52.37126922607422,55.95399856567383,57.007999420166016,55.5,55.57899856567383,19313000,-0.000946453963157734,-0.000946902133513977,-0.012953495858555408,0.019792919425667205,0.3142028551215289
2022-04-28,54.18705368041992,57.89400100708008,58.50199890136719,55.797000885009766,56.59400177001953,22334000,0.03467138530684433,0.03408387418387221,-0.004349515204485876,0.02934203344474583,0.4657903407344241
2022-04-29,51.88924789428711,55.43899917602539,57.82799911499024,55.34000015258789,57.262001037597656,26108000,-0.04240506966266566,-0.043330418886332565,-0.010880237862652997,0.03409403273024798,0.541225990773196
2022-05-02,53.944637298583984,57.6349983215332,57.76399993896485,55.63800048828125,55.7140007019043,26725000,0.03961108491077536,0.03884668639743209,-0.003274907971036134,0.04109261689158879,0.6523250700959758
2022-05-03,54.39577865600586,58.117000579833984,58.67499923706055,57.17699813842773,57.60100173950195,17064000,0.008363043668730308,0.008328267176051552,0.00785879805210532,0.032906555883252316,0.5223753802244102
2022-05-04,56.50077438354492,60.36600112915039,60.40700149536133,57.39799880981445,58.17900085449219,23896000,0.038697777282514334,0.03796779134610843,0.015787644301239735,0.03496620812691759,0.5550713459684974
2022-05-05,54.28533935546875,57.999000549316406,59.7869987487793,57.42900085449219,59.42300033569336,32806000,-0.03921070201688048,-0.04000014693043898,0.001011226836494772,0.04020899371098059,0.6382979869644887
2022-05-06,54.29562759399414,58.0099983215332,58.99800109863281,56.94300079345703,57.49399948120117,20745000,0.0001895214923135491,0.00018950353538430491,0.009530145067490614,0.03248035275299664,0.5156096152804875
2022-05-09,52.6876335144043,56.29199981689453,57.79999923706055,56.027000427246094,57.28799819946289,30074000,-0.029615535372644053,-0.030062930726781616,-0.004315178989193269,0.031180721704000307,0.4949786119697937
2022-05-10,54.41636657714844,58.13899993896485,59.1150016784668,57.18000030517578,58.04899978637695,29271000,0.032810983288355855,0.03228419497124409,0.0005744089347318404,0.035309431704911784,0.5605198513572959
2022-05-11,53.07979965209961,56.71099853515625,58.46900177001953,56.58599853515625,57.45800018310547,26660000,-0.024561855359341522,-0.02486852980622267,-0.012077517593639332,0.029004776388465787,0.4604365509415118
2022-05-12,53.49724197387695,57.15700149536133,57.36100006103516,55.82600021362305,56.34000015258789,25518000,0.007864429114529115,0.007833665677860882,-0.0026624913673574113,0.025413412604063733,0.4034254182949621
2022-05-13,55.05750274658203,58.82400131225586,59.15900039672852,57.34999847412109,57.70500183105469,19449000,0.02916525628493072,0.028748042873643527,0.0031326555911660226,0.02924174696666193,0.46419834224918893
2022-05-16,54.536170959472656,58.266998291015625,58.91400146484375,57.76499938964844,58.4379997253418,14189000,-0.009468860030011794,-0.009513974700674936,0.007161990659692474,0.024624660107935806,0.3909043605905465
2022-05-17,56.92102813720703,60.81499862670898,60.900001525878906,59.36100006103516,59.54499816894531,24676000,0.043729824367512604,0.042800667048809034,0.009345758875523824,0.02775331945389885,0.44057028798928377
2022-05-18,53.40364837646485,57.05699920654297,60.071998596191406,56.61800003051758,60.0,35024000,-0.061794030709768744,-0.06378577061576751,0.00189932380543838,0.04097219589463966,0.6504134460326286
2022-05-19,51.12362289428711,54.62099838256836,56.07500076293945,53.89599990844727,55.79999923706055,34884000,-0.0426941894700692,-0.04363238734185631,-0.008212399911481283,0.04515708003176982,0.7168464221874219
2022-05-20,50.84096145629883,54.31900024414063,55.499000549316406,51.24399948120117,55.38999938964844,40281000,-0.005528979011772406,-0.005544320390467473,-0.015151246970821907,0.0403918960944082,0.6412014722889913
2022-05-23,49.26572799682617,52.63600158691406,53.55699920654297,51.42599868774414,52.400001525878906,58586000,-0.03098354976678941,-0.03147369073060876,-0.01945418491817743,0.04077933605390733,0.6473518909738131
2022-05-24,49.06354522705078,52.41999816894531,52.887001037597656,51.61899948120117,52.66600036621094,25060000,-0.004103923315380897,-0.0041123675194993225,-0.02902093445475613,0.024686104463705918,0.3918797594995643
2022-05-25,49.75898361206055,53.16299819946289,53.744998931884766,52.38999938964844,52.38999938964844,17842000,0.014174238363565017,0.014074723113128457,-0.013827280640089378,0.02277677846973001,0.3615701489886955
2022-05-26,51.54013442993164,55.06600189208984,55.45700073242188,52.77199935913086,53.15399932861328,39743000,0.0357955627019555,0.03516979106524327,0.0018706697943155603,0.024860241685179845,0.394644102191683
2022-05-27,54.59326171875,58.32799911499024,58.54600143432617,56.0009994506836,56.20899963378906,37301000,0.05923786040894119,0.057549649905581764,0.014824037678458279,0.034890605918477056,0.5538711981158918
2022-05-31,54.29843521118164,58.01300048828125,58.70299911499024,57.59999847412109,58.45000076293945,30009000,-0.005400419361041742,-0.005415054339474099,0.01994066375960781,0.027609834335572063,0.4382925323496956
2022-06-01,53.68911743164063,57.36199951171875,59.09400177001953,56.84299850463867,58.757999420166016,18345000,-0.011221645286299764,-0.011285082977755885,0.01851711936542404,0.029291751195540592,0.4649921347738759
2022-06-02,53.98114776611328,57.67399978637695,57.777000427246094,56.8129997253418,57.775001525878906,29488000,0.005439283572587605,0.005424544093676504,0.01677012840722856,0.029870286402183262,0.4741760964627071
2022-06-03,52.72506332397461,56.33200073242188,56.959999084472656,56.09799957275391,56.887001037597656,20562000,-0.023268946551136094,-0.023543942779126782,0.004957226556610239,0.03206389387516229,0.5089985355482792
2022-06-06,52.52945327758789,56.12300109863281,57.27199935913086,55.75400161743164,57.152000427246094,14557000,-0.003710001165570409,-0.003716900289018066,-0.007632345758292081,0.01059032732458287,0.16811623442170973
2022-06-07,53.63015365600586,57.29899978637695,57.45399856567383,55.75299835205078,56.05400085449219,15895000,0.0209539660083915,0.020737451004849076,-0.0023614686844054323,0.016747426150802963,0.2658571481726661
2022-06-08,52.916015625,56.5359992980957,57.62699890136719,56.2140007019043,57.18199920654297,24004000,-0.013315979580936443,-0.013405432224247948,-0.002780335543332768,0.017047921156583275,0.2706273585057358
2022-06-09,52.0605354309082,55.62200164794922,57.36399841308594,55.59299850463867,56.11600112915039,18787000,-0.016166753750968876,-0.01629886148480616,-0.007101543008044065,0.017181358701350305,0.2727456138598115
2022-06-10,50.66124725341797,54.12699890136719,55.104000091552734,53.97200012207031,55.00899887084961,24018000,-0.02687809808155528,-0.027245920040874283,-0.007823373314127902,0.018082576873847345,0.28705200882844717
2022-06-13,48.44768905639648,51.762001037597656,53.29999923706055,51.60200119018555,52.678001403808594,31619000,-0.04369332215507482,-0.04467662464890339,-0.015820037512028783,0.02375878023775667,0.37715894378004117
2022-06-14,48.68635559082031,52.016998291015625,52.49700164794922,51.45899963378906,52.49700164794922,24380000,0.004926272833075895,0.004914178454937269,-0.019025576147091904,0.017920820446167985,0.28448420514481243
2022-06-15,49.29848861694336,52.67100143432617,53.382999420166016,51.55199813842773,52.915000915527344,19141000,0.012572989263514689,0.012494605561826496,-0.013847782378201678,0.02300242010827071,0.3651520989546944
2022-06-16,46.53456115722656,49.71799850463867,51.44300079345703,49.22800064086914,51.19499969482422,37244000,-0.056065156098251356,-0.05769813650923575,-0.021827462847658175,0.02989564281365684,0.47457861701610776
2022-06-17,46.67215347290039,49.8650016784668,50.0359992980957,48.7869987487793,49.5,43504000,0.0029567769041367598,0.002952414236813401,-0.015860487850519765,0.031566293366869995,0.5010993723650747
2022-06-21,47.542274475097656,50.37699890136719,51.09099960327149,50.28900146484375,50.40800094604492,21901000,0.018643258076842084,0.01847160273552057,-0.0033931718041363855,0.0301014762025315,0.47784612076696376
2022-06-22,46.81843185424805,49.61000061035156,50.37699890136719,49.41999816894531,49.63100051879883,24721000,-0.01522524172100248,-0.01534233575740232,-0.0074234747149520604,0.03005812489979873,0.4771579401707143
2022-06-23,46.863731384277344,49.65800094604492,50.17499923706055,49.10100173950195,50.17499923706055,16707000,0.0009675576100096617,0.0009670898278584548,-0.009744561045653067,0.028537594209354793,0.4530202637641783
2022-06-24,48.04433059692383,50.90900039672852,51.18000030517578,50.14500045776367,50.5,21201000,0.02519217266260143,0.024880080541646202,0.006506904706517491,0.015906007306486676,0.2525000381096405
2022-06-27,47.7253532409668,50.57099914550781,51.40399932861328,50.28200149536133,51.380001068115234,13207000,-0.00663922989443122,-0.006661367620600542,0.004587703346803895,0.016983853007882386,0.2696103081751987
2022-06-28,47.04020690917969,49.845001220703125,51.415000915527344,49.81100082397461,51.26100158691406,15667000,-0.014356024319564176,-0.014460069015982834,-0.002012153132477357,0.016562915831506608,0.26292813765756645
2022-06-29,46.28144454956055,49.04100036621094,49.59299850463867,48.66699981689453,49.54800033569336,14444000,-0.016130081253343143,-0.016261587064271228,-0.0021931210389454893,0.016747292026087022,0.2658550190088078
2022-06-30,45.84733200073242,48.58100128173828,49.374000549316406,48.07099914550781,48.803001403808594,18890000,-0.009379840086090163,-0.009424107819748923,-0.004262600578165454,0.01689772524744479,0.2682430723646177
2022-07-01,45.095176696777344,47.78400039672852,48.42699813842773,46.94300079345703,47.94100189208984,21315000,-0.016405650473686473,-0.01654171334314615,-0.012582165205423036,0.004356796136987341,0.06916199454885241
2022-07-05,44.94984436035156,47.630001068115234,47.69300079345703,46.39099884033203,47.20000076293945,20711000,-0.003222791151324289,-0.003227995527479973,-0.011898877456801649,0.0056096274866049315,0.08905007566361378
2022-07-06,45.54534149169922,48.26100158691406,48.70500183105469,47.54999923706055,48.053001403808594,22975000,0.01324803544532216,0.01316104765968098,-0.006378065503824382,0.012245453409888788,0.19439054648276174
2022-07-07,47.04870223999024,49.854000091552734,50.13899993896485,48.81100082397461,48.81100082397461,21319000,0.033008002554224314,0.03247493701381026,0.0034495512576891096,0.019830877481175062,0.3148054205722811
2022-07-08,47.06285858154297,49.86899948120117,49.9630012512207,49.0,49.29899978637695,12713000,0.00030088697198316083,0.0003008417145762214,0.0053856966693037744,0.018705830080159257,0.2969458467547969
2022-07-11,45.56893539428711,48.2859992980957,49.1619987487793,48.09799957275391,48.94900131225586,21449000,-0.03174314591765459,-0.03225788177696196,0.0023181975805101505,0.023750119495453276,0.3770214587582172
2022-07-12,45.42831802368164,48.137001037597656,49.2599983215332,48.00699996948242,48.78200149536133,21159000,-0.0030858164534407484,-0.003090587402409526,0.0023455925200868586,0.02374220800248204,0.37689586770081046
2022-07-13,45.4622917175293,48.17300033569336,48.56399917602539,47.229000091552734,47.49800109863281,17665000,0.0007478527783033595,0.000747573275756841,-0.00015444401331690116,0.022952169617136323,0.36435439713789175
2022-07-14,45.736915588378906,48.4640007019043,48.667999267578125,47.34299850463867,48.244998931884766,19957000,0.006040695716703626,0.006022523858058335,-0.0055479053808210384,0.015003275699416759,0.23816961811197243
2022-07-15,46.66365432739258,49.44599914550781,49.4739990234375,48.61299896240234,49.08300018310547,18714000,0.020262379460698643,0.0200598289823809,-0.0015556068830779423,0.01905691030826868,0.30251907259765304
2022-07-18,46.3427848815918,49.10599899291992,50.24100112915039,48.81900024414063,50.01599884033203,18042000,-0.006876217699316012,-0.006899967820860883,0.0034177787605897737,0.010559496729013271,0.1676268138898147
2022-07-19,48.03584671020508,50.900001525878906,51.1349983215332,49.5890007019043,49.68000030517578,27257000,0.0365334503081578,0.03588192473972627,0.011341632112909483,0.017222264487236218,0.27339497307963817
2022-07-20,48.29724884033203,51.17699813842773,51.76100158691406,50.446998596191406,50.95399856567383,27412000,0.005441813729316847,0.005427060559451271,0.012280424303112181,0.016617751192327387,0.26379862202427207
2022-07-21,48.8550033569336,51.76800155639648,51.78099822998047,50.60200119018555,51.255001068115234,13912000,0.011548370352221893,0.011482196899724939,0.013381959230215835,0.016279845000315703,0.2584345275210816
2022-07-22,48.36802673339844,51.25199890136719,51.979000091552734,50.667999267578125,51.88100051879883,17867000,-0.009967794290736687,-0.010017805363165688,0.007335924479928768,0.018542057186771516,0.29434603267041215
2022-07-25,48.4237174987793,51.31100082397461,51.33200073242188,50.65299987792969,51.04600143432617,15061000,0.0011513962661289234,0.0011507339178162591,0.008941447273017756,0.017310447896997042,0.2747948413115713
2022-07-26,48.23308181762695,51.10900115966797,51.680999755859375,50.891998291015625,51.4630012512207,17958000,-0.003936824576864617,-0.00394459426938748,0.0008473922960132718,0.008300136295161634,0.13176057890963214
2022-07-27,49.8091049194336,52.77899932861328,53.01900100708008,51.69300079345703,51.81999969482422,25699000,0.03267514830932261,0.032152666633047014,0.0062940592120144245,0.01672674125569353,0.265528785642536
2022-07-28,50.358360290527344,53.36100006103516,53.652000427246094,52.05799865722656,52.85900115966797,14867000,0.011027208217898377,0.010966851860083783,0.006189826785149721,0.01668739107904094,0.26490412095372073
2022-07-29,50.53484344482422,53.54800033569336,53.78300094604492,53.027000427246094,53.198001861572266,18482000,0.003504545288581795,0.003498418679555262,0.008884294701013418,0.014350237935616326,0.22780296499347433
2022-08-01,50.61883163452149,53.637001037597656,53.979000091552734,53.04399871826172,53.14300155639648,11485000,0.0016619857502671032,0.0016606061802889728,0.008986412597841054,0.014283112434679078,0.2267373807008108
2022-08-02,50.13186264038086,53.12099838256836,53.91999816894531,52.72299957275391,53.321998596191406,13072000,-0.009620312804859865,-0.009666886960092411,0.007849714952242005,0.01572234847865456,0.24958454460248808
2022-08-03,51.59748077392578,54.67399978637695,54.79999923706055,53.4119987487793,53.52899932861328,19228000,0.029235261894386078,0.0288160622983027,0.007161737669254697,0.014382644747014279,0.22831740717593565
2022-08-04,52.16938018798828,55.27999877929688,55.31499862670898,54.5009994506836,54.84099960327149,16293000,0.011083863116656323,0.011022887257521551,0.0071730686490062865,0.01438647318822861,0.22837818179610855
2022-08-05,52.0410270690918,55.14400100708008,55.20000076293945,54.32799911499024,54.4900016784668,14357000,-0.002460315197036489,-0.0024633467458687894,0.00598009655188263,0.015000921236203483,0.23813224216717216
2022-08-08,51.48329162597656,54.553001403808594,55.29899978637695,53.874000549316406,54.935001373291016,13722000,-0.010717225898996263,-0.010775069014193851,0.0035042542220299565,0.0168048807765874,0.2667692120816415
2022-08-09,50.28191757202149,53.27999877929688,53.935001373291016,52.775001525878906,53.90900039672852,20072000,-0.02333522228304652,-0.023611799719208713,0.0007612723263926257,0.020249071353308556,0.32144404248513936
2022-08-10,51.94382095336914,55.04100036621094,55.10200119018555,53.92399978637695,54.60599899291992,19519000,0.033051710467629114,0.03251724742055779,0.001524562041041233,0.021616491506358654,0.34315116446139
2022-08-11,51.47384643554688,54.542999267578125,55.777000427246094,54.42499923706055,55.39500045776367,14268000,-0.009047746376689592,-0.00908892580950191,-0.0025017598576279497,0.021262807600624822,0.3375366065176036
2022-08-12,52.68182373046875,55.823001861572266,55.84099960327149,54.56499862670898,54.78099822998047,18399000,0.023467787596453293,0.023196652831015182,0.0026838607010700065,0.024230096588028112,0.3846408588899823
2022-08-15,52.75071334838867,55.89599990844727,55.979000091552734,55.04999923706055,55.42300033569336,14329000,0.0013076543870687019,0.0013068001516860284,0.005088836758283,0.02313966073237715,0.36733072632166003
2022-08-16,52.06084442138672,55.165000915527344,55.79399871826172,54.60100173950195,55.75199890136719,14782000,-0.013077907069156791,-0.01316417586481126,0.007140299801060945,0.020265960013440547,0.3217121416532574
2022-08-17,50.82833480834961,53.85900115966797,54.47100067138672,53.104000091552734,54.4370002746582,19022000,-0.02367440687402278,-0.02395914868666944,-0.0042049236672694335,0.017870443531664375,0.28368449641924054
2022-08-18,52.70258331298828,55.845001220703125,56.055999755859375,54.16299819946289,54.34099960327149,23459000,0.03687408827587224,0.03621050266224292,0.004979443263242933,0.025098208695702146,0.39842171137216
2022-08-19,51.7569694519043,54.84299850463867,55.55799865722656,54.7869987487793,55.08599853515625,16923000,-0.017942457497163056,-0.01810537509102504,-0.003302605755480337,0.02429152783109756,0.38561604964133017
2022-08-22,49.89971160888672,52.875,54.30899810791016,52.70500183105469,54.25699996948242,18555000,-0.03588420772478684,-0.03654387511693332,-0.010740978177851445,0.027946254956213883,0.4436330441384892
2022-08-23,49.99691390991211,52.97800064086914,53.762001037597656,52.89099884033203,53.3849983215332,9003000,0.001947953162279914,0.001946058361774764,-0.007735806131564105,0.028435739444770253,0.45140336950255194
2022-08-24,50.09694290161133,53.08399963378906,53.130001068115234,52.34400177001953,52.95600128173828,11883000,0.0020007033209981095,0.001998704579590494,-0.002600784092559927,0.027126018308399443,0.4306121910204595
2022-08-25,51.91739654541016,55.01300048828125,55.04800033569336,53.22600173950195,53.345001220703125,17345000,0.03633861745564282,0.03569394125910664,-0.002707878256605811,0.02693156872379879,0.42752539956010066
2022-08-26,49.15510177612305,52.08599853515625,55.0989990234375,52.0,54.88399887084961,25682000,-0.05320557179463037,-0.05467328622932242,-0.009760501116099274,0.0352507616149317,0.5595884925523854
2022-08-29,48.52469253540039,51.417999267578125,52.27399826049805,51.20000076293945,52.0,16580000,-0.012824899510814891,-0.012907848506086969,-0.005148639473304883,0.032369201910204426,0.5138451503522269
2022-08-30,47.789527893066406,50.63899993896485,51.79100036621094,50.13899993896485,51.68399810791016,18282000,-0.015150320464115352,-0.01526625906431825,-0.008568294198583936,0.03233520810440307,0.5133055154146248
2022-08-31,47.10249710083008,49.9109992980957,51.01599884033203,49.65399932861328,51.01599884033203,32445000,-0.014376178684452068,-0.014480517140706738,-0.011843670599673973,0.0318223588590176,0.5051642860344823
2022-09-01,46.43244552612305,49.20100021362305,49.32899856567383,48.08399963378906,49.14699935913086,31930000,-0.014225393895204386,-0.014327544725344686,-0.021956472869843414,0.017488896250489997,0.27762762110283906
2022-09-02,47.20724868774414,50.02199935913086,51.98099899291992,49.83000183105469,51.79999923706055,40426000,0.01668667572517135,0.016548982798693563,-0.00797802336588307,0.013813466846641323,0.21928198811909122
2022-09-06,47.01661682128906,49.81999969482422,50.400001525878906,49.0369987487793,49.85300064086914,24738000,-0.004038190569334521,-0.004046366077801655,-0.006220681577586995,0.013599965887724021,0.21589276546727723
2022-09-07,47.67061614990234,50.51300048828125,50.94300079345703,49.90800094604492,50.29100036621094,20440000,0.013909961473815402,0.013814105835732733,-0.0004086251900008442,0.014970309201431003,0.23764629118037028
2022-09-08,48.31235885620117,51.19300079345703,51.27399826049805,49.869998931884766,50.2599983215332,22535000,0.013462018285663513,0.013372210416526786,0.005159014204022272,0.013589975975374662,0.21573418052510282
2022-09-09,49.30044555664063,52.2400016784668,52.59700012207031,51.54399871826172,51.54399871826172,23019000,0.020452048375042997,0.02024571380026955,0.012094502658071748,0.009438834731607726,0.1498368561964388
2022-09-12,49.928958892822266,52.90599822998047,53.1259994506836,52.45600128173828,52.67499923706055,18157000,0.012748633994789094,0.012668054291843192,0.011306894311995297,0.009118725296825366,0.14475527645588138
2022-09-13,47.530948638916016,50.3650016784668,51.82699966430664,50.167999267578125,51.38399887084961,35136000,-0.04802844495623937,-0.04922012379287623,0.0025088434346143274,0.028420005999349407,0.4511536087994534
2022-09-14,48.20099639892578,51.07500076293945,51.29999923706055,50.277000427246094,50.7130012512207,20605000,0.014097083672787614,0.013998643852946288,0.00254626787440877,0.028438889659859166,0.45145337761676174
2022-09-15,47.19969940185547,50.01399993896485,51.15599822998047,49.72800064086914,50.89300155639648,36574000,-0.02077336718899503,-0.020992169053298516,-0.0043008092205229385,0.029263121967215026,0.46453765986361306
2022-09-16,47.42241287231445,50.25,50.36899948120117,48.98600006103516,49.77199935913086,59012000,0.004718535780552591,0.004707438385873493,-0.00744751173942102,0.026666726319808515,0.423321156734604
2022-09-19,47.360130310058594,50.18399810791016,50.3390007019043,49.44200134277344,49.44200134277344,17948000,-0.001313357091794476,-0.001314220301103916,-0.010259909956737734,0.024671100515187738,0.3916415792007855
2022-09-20,46.53153610229492,49.305999755859375,49.882999420166016,48.97200012207031,49.59999847412109,17132000,-0.017495606585940737,-0.017650463580464928,-0.004153342282678008,0.014782549073433765,0.2346656915514842
2022-09-21,45.88251495361328,48.2140007019043,49.98799896240234,48.17699813842773,49.0989990234375,20669000,-0.013947984593821072,-0.01404617180930102,-0.009762355935999745,0.01095042040363591,0.17383253483776892
2022-09-22,45.45142364501953,47.76100158691406,48.32099914550781,47.29999923706055,48.24300003051758,23540000,-0.009395546626630669,-0.009439963205791976,-0.007486791823526873,0.009119320810392644,0.14476472994068965
2022-09-23,44.60160446166992,46.86800003051758,47.79899978637695,46.20000076293945,47.494998931884766,29649000,-0.018697306161117977,-0.018874310599828234,-0.012169960211860986,0.007065644471568278,0.11216362874500829
2022-09-26,43.99065017700195,46.22600173950195,47.33000183105469,46.13100051879883,46.89799880981445,19361000,-0.013698033782462149,-0.013792717495292735,-0.01464689554999452,0.003656721939745763,0.058048661197686036
2022-09-27,44.22761154174805,46.47499847412109,46.98899841308594,45.6510009765625,46.95500183105469,17850000,0.005386630199659459,0.005372174196730623,-0.010070448192874481,0.009246541363014392,0.14678429360404976
2022-09-28,44.34275817871094,46.59600067138672,46.875,45.6349983215332,46.13399887084961,27605000,0.002603501137613984,0.002600117899431258,-0.006760151046587471,0.010401892566010373,0.16512492536444978
2022-09-29,42.83631134033203,45.01300048828125,46.137001037597656,44.48799896240234,46.09000015258789,39997000,-0.033972781582679135,-0.034563268751120764,-0.011675598037797164,0.016167647718768823,0.2566534508925783
2022-09-30,42.25389862060547,44.4010009765625,45.78200149536133,44.36399841308594,44.90599822998047,27202000,-0.013596238833435637,-0.013689514115585567,-0.010655384572260696,0.015769841704605776,0.2503384761914508
2022-10-03,43.469146728515625,45.678001403808594,46.095001220703125,44.696998596191406,44.92399978637695,21479000,0.028760614939269402,0.02835479124438507,-0.002163654827914385,0.023337563939788232,0.37047234234449056
2022-10-04,45.66554260253906,47.98600006103516,48.01599884033203,46.58599853515625,46.84999847412109,27277000,0.05052769698335502,0.04929260647972785,0.006864558528824727,0.033505209043528446,0.5318787045264514
2022-10-05,46.13565444946289,48.47999954223633,48.80899810791016,47.14599990844727,47.255001068115234,18493000,0.010294673404311894,0.010242044146561066,0.00840279298216431,0.03343715891042032,0.5307984421531177
2022-10-06,45.63128280639648,47.95000076293945,48.970001220703125,47.87200164794922,48.37900161743164,17250000,-0.010932361295945325,-0.01099255869287221,0.01301087703951107,0.02713006202472928,0.43067638302714695
2022-10-07,43.82125854492188,46.04800033569336,47.33399963378906,45.902000427246094,47.23799896240234,28425000,-0.039666302373179585,-0.040474453225123344,0.007796864331562281,0.03491123757141016,0.554198715452675
2022-10-10,41.653419494628906,43.77000045776367,46.0099983215332,43.18399810791016,46.0,33454000,-0.04947003172149178,-0.05073558858854663,-0.007849265000589956,0.0402839600948279,0.6394880414145875
2022-10-11,40.992977142333984,43.07600021362305,43.869998931884766,42.55799865722656,43.52000045776367,28046000,-0.015855657478015317,-0.015982703132881866,-0.021125935892864024,0.023801640929805537,0.37783933617312976
2022-10-12,40.974891662597656,43.05699920654297,43.571998596191406,42.80099868774414,43.22499847412109,15046000,-0.00044118483206356807,-0.00044128218272573285,-0.023273107540139115,0.020515999556643433,0.32568139634873955
2022-10-13,41.67911148071289,43.797000885009766,44.37699890136719,41.50699996948242,41.742000579833984,27980000,0.017186618183497426,0.017040598938098592,-0.017649311644250563,0.02743257615321619,0.43547864593950575
2022-10-14,40.64467239379883,42.709999084472656,44.39599990844727,42.64099884033203,44.32799911499024,22816000,-0.024819125220381766,-0.025132312595143154,-0.014679876213691,0.02516324477131993,0.39945412706615346
2022-10-17,41.43168258666992,43.5369987487793,44.124000549316406,43.3390007019043,43.95500183105469,24120000,0.019363182097911658,0.0191781010436938,-0.0009132334498103134,0.01958142093729483,0.31084542070413257
2022-10-18,41.38029098510742,43.483001708984375,44.85499954223633,43.01599884033203,44.82099914550781,20341000,-0.0012403937845149038,-0.0012411637096246366,0.0020098192888897692,0.01780335639123933,0.28261952108082966
2022-10-19,41.425025939941406,43.52999877929688,43.83000183105469,43.0880012512207,43.323001861572266,12702000,0.0010810691217730817,0.0010804851873611387,0.0023142700796570993,0.017763936074431278,0.2819937429515648
2022-10-20,40.94919967651367,43.02999877929688,44.21900177001953,42.81399917602539,43.51300048828125,23402000,-0.011486444549668962,-0.011552923313915713,-0.0034203424669761785,0.016333047635730725,0.25927909317548986
2022-10-21,42.79824066162109,44.97299957275391,45.06600189208984,42.91699981689453,43.20899963378906,26980000,0.04515450850600944,0.044164729516970834,0.010574384278302063,0.022301458139712963,0.35402467267078597
2022-10-24,43.44441223144531,45.652000427246094,45.87900161743164,45.11100006103516,45.27299880981445,25287000,0.015098087207207955,0.014985245467203895,0.009721365300161322,0.02196020750595924,0.34860748680085274
2022-10-25,43.7822380065918,46.00699996948242,46.42599868774414,45.68299865722656,45.79899978637695,18246000,0.007776046625898703,0.007745968998070218,0.011524653382244043,0.021191789198874877,0.33640922434036585
2022-10-26,43.88787078857422,46.11800003051758,47.17599868774414,45.53400039672852,45.79899978637695,29291000,0.0024126857555002434,0.0024097799022248616,0.011790976708989476,0.021035521024279538,0.3339285439734861
2022-10-27,43.33782577514648,45.540000915527344,47.07699966430664,45.49100112915039,46.60499954223633,18512000,-0.012532961921928987,-0.012612161925403799,0.01158167323453747,0.021328204269213464,0.33857474644754953
2022-10-28,45.003196716308594,47.290000915527344,47.43399810791016,45.56499862670898,45.69599914550781,23094000,0.03842765324229025,0.0377076972393422,0.010236302181793633,0.018735597451513562,0.2974183891255225
2022-10-31,44.73864364624024,47.012001037597656,47.28099822998047,46.5009994506836,46.685001373291016,19259000,-0.005878539512116032,-0.005895886140816263,0.006040976837928836,0.019698590323565676,0.3127054270481889
2022-11-01,44.52737808227539,46.790000915527344,47.68299865722656,46.31700134277344,47.58000183105469,16324000,-0.004722216561489412,-0.0047334014516566955,0.0035413242004512123,0.02020972780238895,0.3208194829765745
2022-11-02,43.39778137207031,45.60300064086914,48.04499816894531,45.571998596191406,47.02799987792969,21070000,-0.025368588020562743,-0.025695918454493948,-0.002014930554761385,0.024051412415645207,0.3818043355898909
2022-11-03,42.26436996459961,44.4119987487793,45.2859992980957,44.13600158691406,45.09400177001953,23887000,-0.02611680532130012,-0.02646390585880271,-0.004731699234635611,0.02620710294877744,0.4160248619155957
2022-11-04,44.27994918823242,46.52999877929688,46.88899993896485,45.32799911499024,45.68600082397461,28891000,0.04768979699262177,0.04658754684756633,-0.002879270484569307,0.030063994573982303,0.4772511183597145
2022-11-07,45.22397613525391,47.52199935913086,47.77399826049805,46.15700149536133,46.67699813842773,17687000,0.021319512879485636,0.02109543134271933,0.0025603399937510264,0.03179628032411711,0.5047503021270606
2022-11-08,45.87965774536133,48.21099853515625,48.880001068115234,47.34999847412109,48.125,20743000,0.014498539627440854,0.014394440782884427,0.0064044912315370794,0.03185753936126441,0.5057227591941427
2022-11-09,44.67678451538086,46.946998596191406,47.900001525878906,46.90299987792969,47.84999847412109,23695000,-0.026218007916636754,-0.026567827822511433,0.006234607252322277,0.03207088180615893,0.509109465513855
2022-11-10,48.20738220214844,50.65700149536133,50.71699905395508,48.71900177001953,49.09999847412109,33970000,0.0790253310542548,0.0760581624177198,0.027263034527433262,0.0392271195956184,0.6227112185963692
2022-11-11,49.30366897583008,51.80899810791016,51.900001525878906,50.20000076293945,50.47999954223633,26728000,0.02274105590476938,0.022486332645909594,0.022273286309862785,0.037529239855600104,0.5957582133072687
2022-11-14,48.84021759033203,51.321998596191406,52.50199890136719,51.29999923706055,51.53900146484375,21608000,-0.009399937066047581,-0.009444395296856561,0.01612939632075614,0.04014760843073112,0.6373235258502881
2022-11-15,49.90606689453125,52.44200134277344,53.25699996948242,51.59099960327149,52.99599838256836,23315000,0.02182318910082426,0.02158847202074306,0.01759432621543282,0.04020681327684367,0.6382633736456299
2022-11-16,48.698429107666016,51.17300033569336,51.854000091552734,51.02799987792969,51.672000885009766,25405000,-0.024198216008834983,-0.024495803367633028,0.017998284596993173,0.03966305392652217,0.6296314615615295
2022-11-17,48.73458480834961,51.21099853515625,51.27399826049805,50.31399917602539,50.5,20375000,0.00074244080037289,0.0007421653275416078,0.002341706546216793,0.02025125274920757,0.3214786710714979
2022-11-18,49.02484130859375,51.51599884033203,51.77299880981445,51.09999847412109,51.6870002746582,14536000,0.0059558627899587435,0.005938196748813061,-0.0010153320767453343,0.017183080931331484,0.27277295341319546
2022-11-21,49.24181365966797,51.74399948120117,52.084999084472656,51.11100006103516,51.29399871826172,18622000,0.004425763455478737,0.004415998565192172,0.0017498080275599292,0.01659899847846791,0.26350093192059376
2022-11-22,50.44184494018555,53.005001068115234,53.02799987792969,51.9010009765625,52.297000885009766,18920000,0.024370168182909158,0.02407795366081483,0.002259203843976909,0.01738929014730783,0.2760464232343336
2022-11-23,50.783477783203125,53.36399841308594,54.14799880981445,52.880001068115234,53.03499984741211,13964000,0.006772806256842623,0.006749973839595358,0.008453408297112431,0.009193562214210976,0.14594327568961543
2022-11-25,50.42851638793945,52.99100112915039,53.45800018310547,52.948001861572266,53.06900024414063,7455000,-0.00698970237483576,-0.007014244774053778,0.0069069796620707,0.011237879967104035,0.178395813939312
2022-11-28,49.69574737548828,52.22100067138672,52.8759994506836,51.624000549316406,52.52399826049805,23505000,-0.014530846135033637,-0.014637452864030336,0.002809637877072224,0.014831507742870047,0.23544288633457833
2022-11-29,49.617713928222656,52.13899993896485,52.584999084472656,51.483001708984375,52.29999923706055,12694000,-0.0015702238397991009,-0.0015714579332905033,0.0016104404180166565,0.014910360841978016,0.23669464047665684
2022-11-30,52.43838882446289,55.10300064086914,55.16600036621094,51.78300094604492,52.4109992980957,47349000,0.056848142990236106,0.05529102862953815,0.008106035379482046,0.028335094184420193,0.4498056755254103
2022-12-01,52.4117431640625,55.07500076293945,55.242000579833984,54.19599914550781,55.10300064086914,23006000,-0.0005081327057852025,-0.0005082618489583131,0.006649847586956481,0.02860652996796419,0.45411458500649854
2022-12-02,51.46485900878906,54.08000183105469,54.27000045776367,53.608001708984375,53.70500183105469,19320000,-0.01806625954625174,-0.01823144698383537,0.004434536152673285,0.030305299999083508,0.4810817232286856
2022-12-05,50.497989654541016,53.06399917602539,53.948001861572266,52.54899978637695,53.777000427246094,18548000,-0.018786981502911027,-0.018965698751568148,0.003583309079097807,0.0310224719010011,0.4924664742272285
2022-12-06,50.0392951965332,52.58200073242188,53.35699844360352,52.17499923706055,53.06499862670898,19655000,-0.009083420174659684,-0.009124925969928137,0.0020806698121256907,0.031512586993145374,0.5002468101129081
2022-12-07,49.34268951416016,51.84999847412109,52.5,51.60499954223633,51.959999084472656,16524000,-0.013921172942925497,-0.014018981269687798,-0.01207319337450663,0.007534855567876433,0.11961212398434842
2022-12-08,50.53985977172852,53.108001708984375,53.242000579833984,52.03799819946289,52.08100128173828,27514000,0.024262363267101517,0.02397270792811054,-0.007119094179929286,0.017964567541070817,0.28517866874697906
2022-12-09,51.8379020690918,54.47200012207031,55.26399993896485,54.09999847412109,55.09400177001953,37028000,0.025683535791869883,0.02535925452244338,0.0016308648876950382,0.02158857297758725,0.3427079715567904
2022-12-12,52.9713020324707,55.66299819946289,55.6870002746582,54.2239990234375,54.47499847412109,23416000,0.021864310053834046,0.0216287139393655,0.009761123199044052,0.01953371626092249,0.3100881324437964
2022-12-13,54.342620849609375,57.104000091552734,58.18399810791016,56.50299835205078,57.58200073242188,40414000,0.02588795752647477,0.025558537594904847,0.016755398739270944,0.017223695905980996,0.27341769614776223
2022-12-14,54.66617965698242,57.44400024414063,58.56499862670898,56.77299880981445,56.85499954223633,35218000,0.005954052313164704,0.0059363969895092775,0.020730443790488984,0.00841479235178418,0.1335806873824157
2022-12-15,53.10167694091797,55.79999923706055,56.64899826049805,55.77000045776367,56.37799835205078,36876000,-0.028619207083453557,-0.029036721845191852,0.010154129720377969,0.023167090942418648,0.36776616740674045
2022-12-16,52.90278625488281,55.59099960327149,55.97999954223633,55.08700180053711,55.744998931884766,49549000,-0.003745469022691017,-0.0037525008556239274,0.004268328757465789,0.021941282655915596,0.3483070641199647
2022-12-19,52.741580963134766,54.9630012512207,55.64799880981445,54.571998596191406,55.402000427246094,25092000,-0.0030471985156200754,-0.003051850678129092,-0.0007139729564250352,0.019656177578607794,0.3120321455947199
2022-12-20,52.20325469970703,54.402000427246094,54.900001525878906,54.09199905395508,54.516998291015625,29831000,-0.010206866263717251,-0.010259313509747476,-0.007932937714463439,0.012916523574908348,0.20504345509626273
2022-12-21,53.85469818115234,56.12300109863281,56.19100189208984,54.69499969482422,54.766998291015625,25619000,0.03163487585103719,0.03114480198658546,-0.002796773006888942,0.021841524465194474,0.3467234519366257
2022-12-22,53.07359313964844,55.30899810791016,55.49399948120117,54.720001220703125,55.334999084472656,27553000,-0.014503934993312484,-0.014610145287554449,2.628141113927285e-05,0.01829357894697513,0.2904015628981383
2022-12-23,53.01026153564453,55.24300003051758,55.36199951171875,54.744998931884766,55.0,13761000,-0.0011932789972833868,-0.0011939915215492946,0.0005367194162207989,0.018197380403689855,0.28887445836602116
2022-12-27,53.11677169799805,55.354000091552734,55.81100082397461,54.69400024414063,55.15499877929688,16677000,0.0020092366886719226,0.002007220872352818,0.0015480064570791985,0.018088594101027016,0.2871475293486447
2022-12-28,52.286739349365234,54.48899841308594,55.777000427246094,54.244998931884766,55.16400146484375,15410000,-0.015626558657443668,-0.015749940367430756,0.0004640679783339152,0.01910302978109216,0.303251196531783
2022-12-29,53.52651977539063,55.78099822998047,56.2599983215332,55.04999923706055,55.185001373291016,18176000,0.023711182633545658,0.02343443862481108,-0.0011206706651643917,0.015937025136327762,0.2529924308934511
2022-12-30,53.65318298339844,55.91299819946289,55.96500015258789,54.80099868774414,55.18199920654297,14376000,0.002366363599563659,0.002363568170353731,0.002253389053410837,0.014071969742608157,0.2233855943746007
2023-01-03,53.11101913452149,55.34799957275391,56.75699996948242,55.07899856567383,56.5,20173000,-0.010104970828006654,-0.01015637261460075,0.0004710506872661835,0.015141393741968698,0.24036217406495322
2023-01-04,53.75969314575195,56.02399826049805,56.81600189208984,55.60300064086914,56.29899978637695,17074000,0.012213548559244947,0.012139564967342904,0.002511913061380788,0.01606036940535177,0.25495046046234654
2023-01-05,53.2587890625,55.50199890136719,55.98400115966797,55.11199951171875,55.57099914550781,16277000,-0.009317465445606521,-0.009361144557569555,0.0037737317037482175,0.014445682485446002,0.22931810025054933
2023-01-06,56.46476364135742,58.84299850463867,59.09999847412109,56.22999954223633,56.3120002746582,35261000,0.06019615983185722,0.05845394744829233,0.01107072714341053,0.028958887685573177,0.45970809036646476
2023-01-09,55.35739517211914,57.68899917602539,60.16699981689453,56.055999755859375,59.22999954223633,37739000,-0.019611672799550894,-0.01980653355935106,0.00667511986358762,0.032107264009515024,0.5096870150872279
2023-01-10,55.16932678222656,57.49300003051758,57.51300048828125,54.999000549316406,57.20000076293945,44635000,-0.0033973489776357724,-0.0034031330717801973,0.008016644233661796,0.031362359427618676,0.49786202144220626
2023-01-11,55.47734832763672,57.81399917602539,57.83399963378906,56.6870002746582,57.29999923706055,22502000,0.0055832029023306085,0.005567674596648626,0.006690575102278928,0.031280607768861636,0.49656425409217736
2023-01-12,55.84199142456055,58.19400024414063,58.51100158691406,57.3759994506836,57.55899810791016,19514000,0.006572828513185636,0.0065513216649651755,0.00986863389403736,0.030029826436455645,0.4767087159917678
2023-01-13,55.55987548828125,57.900001525878906,58.19300079345703,57.66699981689453,57.71500015258789,19647000,-0.0050520393181253676,-0.005064844013516525,-0.003181005935959158,0.010552997522430095,0.16752364218378482
2023-01-17,55.58290481567383,57.92399978637695,58.5359992980957,57.45399856567383,57.4900016784668,15835000,0.00041449566238571656,0.00041440978278897564,0.0008242277564281641,0.005201306574839124,0.08256818213777693
2023-01-18,55.10791397094727,57.42900085449219,58.75600051879883,57.37200164794922,58.32099914550781,15703000,-0.008545628306072528,-0.008582351552795721,-0.00020542810925918697,0.006574304085671883,0.10436384192402208
2023-01-19,54.04565048217773,56.321998596191406,57.00600051879883,56.03099822998047,56.9119987487793,22692000,-0.019276060591398303,-0.019464266349927886,-0.00517728080800497,0.00973999582692262,0.154617640373065
2023-01-20,54.771095275878906,57.07799911499024,57.13600158691406,55.9109992980957,56.303001403808594,22950000,0.013422815475972572,0.013333527597411627,-0.003807283415447582,0.012020650182801206,0.19082190588597062
2023-01-23,55.8122444152832,58.16299819946289,58.479000091552734,56.97800064086914,57.20000076293945,23429000,0.019009098396884028,0.01883068295134891,0.001004944127554297,0.01566232993036022,0.24863177968546038
2023-01-24,56.13850021362305,58.50299835205078,58.66899871826172,57.5629997253418,57.84400177001953,13825000,0.005845595384271984,0.0058285761842696284,0.0020911640719315505,0.015798878296821882,0.2507994178029984
2023-01-25,56.20088195800781,58.56800079345703,58.696998596191406,57.604000091552734,57.766998291015625,13766000,0.0011112114528779582,0.0011105945144218767,0.004022532023721648,0.014727408682181439,0.23379036497679348
2023-01-26,57.43874740600586,59.858001708984375,60.055999755859375,58.6259994506836,59.04100036621094,24525000,0.022025729932903193,0.021786667524193188,0.012282890128581947,0.008770823834981992,0.139232511963121
2023-01-27,56.710411071777344,59.0989990234375,59.92499923706055,59.01900100708008,59.33200073242188,19344000,-0.01268022662611823,-0.012761306839283337,0.007062281708163786,0.014082732422115543,0.2235564466151041
2023-01-30,55.79497528076172,58.14500045776367,58.96099853515625,57.97600173950195,58.29999923706055,16984000,-0.016142288051077203,-0.01627399406363821,3.200441857154068e-05,0.015345154322834556,0.24359677300876798
2023-01-31,56.1365852355957,58.5009994506836,58.72299957275391,58.07400131225586,58.20700073242188,23719000,0.0061225935331092884,0.006103926611888935,8.740404833900151e-05,0.015371866632074911,0.24402081777193338
2023-02-01,57.83888626098633,60.275001525878906,60.83000183105469,58.27000045776367,58.35699844360352,26553000,0.030324271030137684,0.029873578937013867,0.005930015963790947,0.020540913491844056,0.3260768928090645
2023-02-02,58.12868118286133,60.57699966430664,61.31399917602539,59.97499847412109,60.76300048828125,24188000,0.005010382125398394,0.004997871930713332,0.002526946402289987,0.018517463475978935,0.29395561961497163
2023-02-03,57.34661865234375,59.762001037597656,60.80400085449219,59.625,59.79999923706055,19093000,-0.013453987164397607,-0.01354531209771466,0.002372194294634111,0.01867885301222797,0.2965175990777096
2023-02-06,57.699745178222656,60.130001068115234,60.321998596191406,59.22600173950195,59.33399963378906,18709000,0.006157756711336226,0.006138875199670201,0.006832203247116797,0.015553811642244115,0.24690910526711438
2023-02-07,58.96160125732422,61.44499969482422,61.70100021362305,59.97200012207031,60.06600189208984,24025000,0.021869352719045,0.02163364869706198,0.009981555084303938,0.016909349926391024,0.2684276084219939
2023-02-08,57.73908615112305,60.17100143432617,61.01800155639648,60.0620002746582,60.667999267578125,15290000,-0.020734089307815617,-0.020952058733435443,-0.00023011698328672113,0.01697010567161245,0.2693920759774397
2023-02-09,57.51838302612305,59.94100189208984,61.49300003051758,59.54800033569336,61.2599983215332,18837000,-0.003822421512220453,-0.003829745635209776,-0.0019966777108104904,0.016746462931938,0.2658418575472172
2023-02-10,56.927284240722656,59.32500076293945,59.84600067138672,58.9630012512207,59.63100051879883,21035000,-0.01027669336830861,-0.010329863168438203,-0.001361218951592691,0.016256120102310066,0.2580579064410618
2023-02-13,57.68247604370117,60.11199951171875,60.14799880981445,59.34700012207031,59.5,19847000,0.013265902511440997,0.01317868096166292,6.0410208428263167e-05,0.017351932911454215,0.2754533954999089
2023-02-14,57.79665756225586,60.23099899291992,60.55799865722656,59.33200073242188,59.41699981689453,17571000,0.001979483655801806,0.0019775270596379554,-0.003917563604220376,0.012779767156025074,0.20287251424892122
2023-02-15,58.31291961669922,60.76900100708008,60.82799911499024,59.66999816894531,59.88600158691406,12683000,0.008932385992862502,0.00889272821718375,0.0020157314559152485,0.009481501869477353,0.15051417601218645
2023-02-16,57.6268196105957,60.05400085449219,60.89400100708008,59.95500183105469,60.07500076293945,17449000,-0.011765831836467289,-0.011835597005981904,0.00042704939106588127,0.011211862177960606,0.17798279434088862
2023-02-17,57.15182495117188,59.55899810791016,60.084999084472656,59.244998931884766,60.0,14215000,-0.008242597155864617,-0.008276755189909248,0.0008338686335546796,0.010753936101491867,0.17071344323776164
2023-02-21,55.80360794067383,58.15399932861328,59.30899810791016,57.98400115966797,59.0,22737000,-0.02359009553325575,-0.023872796652895937,-0.00653733097538467,0.01257865461413173,0.19967995162060612
2023-02-22,55.2883186340332,57.617000579833984,58.30899810791016,57.209999084472656,58.22499847412109,23475000,-0.009233978333236803,-0.009276875791512523,-0.008780023373192392,0.011645574665523878,0.1848677666364623
2023-02-23,56.020469665527344,58.380001068115234,58.59400177001953,57.36800003051758,58.57500076293945,18939000,0.013242418101740983,0.013155503746487253,-0.007918016951416695,0.013323108165621583,0.21149778537989194
2023-02-24,55.4399299621582,57.775001525878906,58.02399826049805,57.36100006103516,57.75299835205078,15353000,-0.01036299243535943,-0.010417062114973152,-0.007637449071195124,0.01323630876435925,0.21011988760175532
2023-02-27,56.17879867553711,58.54499816894531,58.97999954223633,58.42599868774414,58.58700180053711,18321000,0.01332737458151989,0.01323934638554701,-0.003323454723718222,0.01617795080701323,0.25681700734796226
2023-02-28,57.02708053588867,59.42900085449219,59.858001708984375,58.21799850463867,58.555999755859375,27822000,0.015099679600677263,0.014986814174938029,0.00441450030306838,0.01300192079949734,0.20639909400976836
2023-03-01,56.95798110961914,59.35699844360352,59.82099914550781,59.02999877929688,59.400001525878906,15484000,-0.0012116949635190277,-0.0012124296594061728,0.0060189569770119355,0.011277205725543091,0.17902009100100447
2023-03-02,57.44545364379883,59.8650016784668,60.09400177001953,58.61299896240234,58.93899917602539,27525000,0.008558458791604995,0.008522042812086747,0.005082165114984738,0.010707290270966499,0.1699729636341525
2023-03-03,60.71860122680664,63.2760009765625,63.573001861572266,61.57500076293945,61.77000045776367,46088000,0.05697835730053713,0.055414231087684854,0.01855043506216405,0.02239572869176901,0.3555211712909684
2023-03-06,60.73395538330078,63.29199981689453,64.40499877929688,63.17300033569336,63.5,24983000,0.00025287401527562814,0.0002528420480308375,0.015935534948915198,0.02387261255607616,0.37896597581265307
2023-03-07,59.98835372924805,62.51499938964844,63.57799911499024,62.35100173950195,63.48699951171875,19334000,-0.012276520594569074,-0.012352499552047022,0.010460294909865931,0.027041341855617684,0.4292679940046777
2023-03-08,60.67061614990234,63.22600173950195,63.27299880981445,62.367000579833984,62.77799987792969,20912000,0.011373247942985998,0.01130905879285064,0.012977283491166936,0.026257659146684265,0.4168274166769622
2023-03-09,59.73598098754883,62.25199890136719,64.24400329589844,62.1879997253418,63.007999420166016,21775000,-0.015405071213456134,-0.015524962202944316,0.00818457749015471,0.02927900505587022,0.46478979607941245
2023-03-10,58.99806213378906,61.483001708984375,63.01599884033203,61.28200149536133,62.81900024414063,26098000,-0.012353004697680858,-0.012429937282467005,-0.005681694909488888,0.0112764392748678,0.17900792397373033
2023-03-13,59.15543365478516,61.64699935913086,62.43899917602539,60.6879997253418,60.70899963378906,22364000,0.0026674015264982476,0.00266385032463226,-0.005198789407244364,0.011639959678122454,0.18477863147478873
2023-03-14,60.68981170654297,63.24599838256836,63.33700180053711,61.84999847412109,62.3390007019043,25893000,0.025938074610559303,0.025607388797014123,0.002444129633781311,0.017097467721844582,0.27141388584572895
2023-03-15,60.0737533569336,62.604000091552734,63.00699996948242,61.619998931884766,62.766998291015625,22963000,-0.010150935260571092,-0.010202807335849884,-0.0018607070069301067,0.016996632191372398,0.2698131714240369
2023-03-16,61.07747650146485,63.650001525878906,63.70700073242188,61.78099822998047,62.185001373291016,31716000,0.01670818100156879,0.016570134889569665,0.004561943436074878,0.01666316018904559,0.26451946749988
2023-03-17,60.54683303833008,63.09700012207031,63.95700073242188,62.70800018310547,63.650001525878906,79303000,-0.008688038431352796,-0.008725999468474034,0.00529493668934049,0.015790850068283426,0.25067197362591154
2023-03-20,61.76933670043945,64.37100219726562,64.4739990234375,63.15999984741211,63.27399826049805,25857000,0.02019104221909429,0.019989906051648486,0.0087996648278597,0.016963034853859246,0.2692798302253947
2023-03-21,61.54124450683594,63.67499923706055,64.65899658203125,63.43299865722656,64.30899810791016,25000000,-0.003692644373205489,-0.00369947901489412,0.0028735210311067404,0.014471653357592654,0.2297303750647383
2023-03-22,60.97777938842773,63.09199905395508,64.8499984741211,63.06700134277344,63.68999862670898,25799000,-0.009155894114972307,-0.009198066930759089,0.0030725292602264975,0.014252958897154423,0.22625870813217622
2023-03-23,61.78092956542969,63.92300033569336,64.81800079345703,63.15299987792969,63.88999938964844,27162000,0.01317119424579083,0.013085208269250527,0.0023651319090709057,0.013473467726547573,0.21388466941259815
2023-03-24,61.48519134521485,63.617000579833984,63.93000030517578,62.85499954223633,63.803001403808594,17228000,-0.00478688524590154,-0.004798379075511797,0.0031453625461611567,0.012767853244463247,0.20268338676611355
2023-03-27,60.58345413208008,62.68399810791016,63.90999984741211,62.5989990234375,63.900001525878906,14707000,-0.014665925134263236,-0.014774533012339327,-0.0038260309245103487,0.010437402030637085,0.16568862063999773
2023-03-28,60.37662887573242,62.470001220703125,62.65399932861328,61.88600158691406,62.52299880981445,12439000,-0.003413890134041364,-0.0034197307535758737,-0.0037702800766775237,0.01043903697510596,0.16571457457883
2023-03-29,60.45394515991211,62.54999923706055,63.4010009765625,62.4640007019043,63.27799987792969,26395000,0.0012805664314055054,0.0012797472055204133,-0.001682987967401961,0.01013183401465443,0.16083787876656463
2023-03-30,61.25129699707031,63.375,63.60499954223633,62.93000030517578,63.27299880981445,21523000,0.013189409476074054,0.01310318654049234,-0.001679344921345316,0.01013851138157237,0.16094387868023025
2023-03-31,62.00419998168945,64.15399932861328,64.22200012207031,62.59099960327149,63.05400085449219,22097000,0.012292033336945618,0.012217099727870934,0.0017364387952241156,0.011601318499557357,0.1841652217816906
2023-04-03,62.09408187866211,64.24700164794922,64.38999938964844,63.64400100708008,63.900001525878906,15682000,0.0014496098167413596,0.001448560146716498,0.004959545785425035,0.007373347251229024,0.11704825894124213
2023-04-04,61.315086364746094,63.44100189208984,64.42400360107422,63.20000076293945,64.31500244140625,13429000,-0.012545406749684296,-0.012624764782710197,0.003133242462296448,0.010453432615264404,0.1659430982817669
2023-04-05,60.79318237304688,62.9010009765625,63.16999816894531,62.56999969482422,63.11399841308594,16908000,-0.008511836525754046,-0.008548269092288223,0.001174761870864538,0.011727043945459086,0.18616105136166267
2023-04-06,60.17753219604492,62.26399993896485,62.84000015258789,61.89699935913086,62.41600036621094,14493000,-0.010126960836235321,-0.010178587346297133,-0.003488512191597337,0.010304620237514531,0.1635807750205607
2023-04-10,60.63660430908203,62.73899841308594,62.7869987487793,61.64500045776367,61.80500030517578,15400000,0.007628629760714656,0.00759967890836848,-0.00442119290684353,0.008587149619985284,0.1363167741923032
2023-04-11,60.0741081237793,62.15700149536133,63.0880012512207,62.08200073242188,63.07799911499024,16518000,-0.009276511963558054,-0.009319806758463898,-0.006566417262903412,0.008078589221178017,0.12824362814090406
2023-04-12,59.60342788696289,61.66999816894531,62.75199890136719,61.6259994506836,62.73400115966797,14112000,-0.007834993336007567,-0.00786584816689392,-0.005624334580168066,0.007457844633049172,0.1183896132936352
2023-04-13,60.3321647644043,62.42399978637695,62.650001525878906,61.71099853515625,61.90700149536133,17265000,0.012226425614705327,0.012152286565043828,-0.001476682152076192,0.010568522306957494,0.167770090497889
2023-04-14,59.87791442871094,61.95399856567383,62.803001403808594,61.52099990844727,62.04800033569336,17465000,-0.007529156917660651,-0.007557644099324597,-0.0009571213683612579,0.01008997110309513,0.16017332564770664
2023-04-17,60.63370895385742,62.73600006103516,62.83399963378906,61.78099822998047,61.86100006103516,13201000,0.012622258680140108,0.012543262022664202,4.160441552383265e-05,0.01132394853330104,0.17976211007045506
2023-04-18,61.11309051513672,63.23199844360352,63.54999923706055,62.7130012512207,63.1619987487793,16806000,0.00790618897557649,0.007875098825738508,0.003478144603350741,0.010354981852649,0.1643802408761768
2023-04-19,61.32378768920898,63.45000076293945,63.67900085449219,62.55500030517578,62.67900085449219,19060000,0.0034476602687940616,0.003441730712950528,0.005734675324311067,0.00829844535833786,0.13173373611972156
2023-04-20,61.18074798583984,63.30199813842773,64.27300262451172,62.7140007019043,62.7859992980957,20239000,-0.0023325321014753264,-0.002335256692098826,0.0028228837810749365,0.008000017895648715,0.12699634701571666
2023-04-21,61.16914367675781,63.290000915527344,63.380001068115234,62.19900131225586,63.060001373291016,14807000,-0.00018967255981749975,-0.00018969054993233034,0.004290780652643567,0.0060650286123349615,0.09627934441637688
2023-04-24,61.32765197753906,63.45399856567383,63.8849983215332,63.17900085449219,63.36399841308594,12338000,0.0025913114235973644,0.002587959765029145,0.002284591201335018,0.0038887329954265266,0.06173172252617919
2023-04-25,60.11760711669922,62.20199966430664,63.5989990234375,62.17399978637695,63.39899826049805,23670000,-0.019730819977960667,-0.01992807154149994,-0.0032428105893724133,0.009497421917517911,0.15076689894003956
2023-04-26,59.55414581298828,61.61899948120117,62.3129997253418,61.35100173950195,61.99700164794922,17179000,-0.009372650222374213,-0.009416849904035907,-0.005806872687606069,0.00895467131895068,0.14215100029359748
2023-04-27,59.768699645996094,61.84099960327149,62.00899887084961,60.323001861572266,61.61899948120117,18250000,0.003602668295865641,0.0035961942310533627,-0.004619832608137875,0.00987633094804987,0.15678189332586442
2023-04-28,60.550594329833984,62.650001525878906,62.678001403808594,61.45600128173828,61.90700149536133,16183000,0.013082009286950802,0.01299717883764531,-0.0019654962387842144,0.012734490886940134,0.20215377575917165
2023-05-01,61.65721893310547,63.79499816894531,63.89899826049805,62.619998931884766,62.650001525878906,17030000,0.018276032060782654,0.018111032710172902,0.0011714478886528435,0.015719588990612657,0.24954073908785968
2023-05-02,59.18204879760742,61.23400115966797,62.650001525878906,60.50199890136719,62.57600021362305,28357000,-0.04014404441730435,-0.040972052046347934,-0.0029111969992158928,0.023319235987961224,0.37018139512903797
2023-05-03,59.26516342163086,61.31999969482422,62.19499969482422,61.2400016784668,61.68999862670898,19816000,0.0014043890962220917,0.0014034038641801822,-0.0007557891354966317,0.023069417301625022,0.36621564642762333
2023-05-04,58.97134780883789,61.01599884033203,61.39599990844727,60.12900161743164,61.0,17684000,-0.00495764452217351,-0.004969974410125872,-0.002467851699104462,0.022982578755152104,0.36483712723853334
2023-05-05,60.90045928955078,63.012001037597656,63.14699935913086,61.33700180053711,61.595001220703125,24876000,0.03271269103372565,0.03218902079732748,0.0014582846502505075,0.027529962686449853,0.43702460922740377
2023-05-08,60.79801559448242,62.90599822998047,63.073001861572266,62.05799865722656,62.97800064086914,13934000,-0.0016821497943273478,-0.0016835661969163687,-0.002533351720771493,0.025879312577873792,0.4108213510941596
2023-05-09,59.77836608886719,61.85100173950195,62.40700149536133,61.58599853515625,62.27299880981445,16990000,-0.01677109845847946,-0.016913325778376564,0.0021412374709934845,0.018424478177878206,0.29247952376881325
2023-05-10,60.52836227416992,62.62699890136719,62.79999923706055,61.82699966430664,62.20600128173828,19174000,0.012546281110925372,0.012468228693084412,0.004369615873934141,0.018978535379452117,0.3012749091736269
2023-05-11,60.663665771484375,62.766998291015625,62.84799957275391,61.79899978637695,62.65800094604492,14430000,0.0022353735047642154,0.0022328787744888947,0.0058082194793216855,0.01835720923045531,0.29141166233378485
2023-05-12,61.00001525878906,63.1150016784668,63.27000045776367,62.42100143432617,62.8380012512207,11942000,0.005544496578424596,0.005529182437328475,0.000374580588261475,0.010914959059444177,0.1732696034504446
2023-05-15,61.83602142333984,63.97999954223633,64.00199890136719,62.84700012207031,63.1870002746582,14614000,0.013705015662767828,0.013611951270831115,0.00345201367968051,0.012274594823511798,0.19485315208255788
2023-05-16,61.99452590942383,64.14399719238281,64.69100189208984,63.87300109863281,64.0459976196289,14967000,0.0025633034343985894,0.0025600237754619965,0.00731889405825612,0.005470704578981141,0.08684474287371848
2023-05-17,63.5438117980957,65.74700164794922,66.08999633789062,64.45800018310547,64.73500061035156,24133000,0.024990688547815276,0.024683528205513748,0.009807775545634102,0.009665771104180924,0.1534393594280215
2023-05-18,65.51836395263672,67.79000091552734,67.93599700927734,65.5999984741211,65.5999984741211,26389000,0.03107387011680962,0.030600851466031503,0.015575474868043181,0.012270719746888271,0.19479163714821485
2023-05-19,65.93876647949219,68.2249984741211,68.49500274658203,67.84100341796875,68.0,22968000,0.006416560205309452,0.006396061722646672,0.015749887593420154,0.012097472316410434,0.19204141945026298
2023-05-22,65.56378173828125,67.83699798583984,68.46800231933594,67.41200256347656,68.13999938964844,17796000,-0.005686863149427568,-0.005703094923505199,0.011871511830981073,0.015536562797238212,0.24663528834138207
2023-05-23,66.34954071044922,68.6500015258789,69.89900207519531,68.2020034790039,69.06400299072266,36088000,0.011984649929202895,0.011913402696090368,0.013755781129941936,0.014672736937345176,0.23292247793332108
2023-05-24,65.67588806152344,67.9530029296875,68.43099975585938,67.60600280761719,68.14399719238281,23021000,-0.01015308684449856,-0.010204980986704856,0.006727026051479168,0.016275369967347093,0.258363488575019
2023-05-25,70.43777465820312,72.87999725341797,73.23899841308594,69.0770034790039,69.94100189208984,49263000,0.07250585773912754,0.0699978335665439,0.015013423575942753,0.03335533927604159,0.5294995957235477
2023-05-26,78.54955291748047,81.27300262451172,81.49800109863281,74.7020034790039,74.74299621582031,82500000,0.11516233013662713,0.10899998188172255,0.036762577562206286,0.05486593561303704,0.870969726485869
2023-05-30,77.64199829101562,80.33399963378906,92.1780014038086,79.88099670410156,83.51200103759766,116912000,-0.01155391205623113,-0.011621177116479463,0.035589167780845574,0.05605070753906411,0.8897773977454608
2023-05-31,78.0885238647461,80.7959976196289,82.16699981689453,79.01300048828125,79.48999786376953,89998000,0.00575108296487703,0.005734608620610633,0.034342454387980406,0.05677167831228759,0.9012224539564325
2023-06-01,76.34786987304688,78.99500274658203,80.5790023803711,78.51599884033203,80.06199645996094,80792000,-0.02229077853634598,-0.022542972722360916,0.03191491604961092,0.05935086141654551,0.9421657164338287
2023-06-02,78.4789810180664,81.19999694824219,82.37699890136719,78.72000122070312,79.06400299072266,62815000,0.02791317097075785,0.027530699429458013,0.02299637869593698,0.05491080694484002,0.8716820367955507
2023-06-05,77.54148864746094,80.2300033569336,80.91999816894531,79.447998046875,80.91999816894531,26222000,-0.011945776543526354,-0.012017700699268118,-0.0024252426400937165,0.01972234981171367,0.31308259722969556
2023-06-06,76.35270690917969,79.0,80.19999694824219,77.63800048828125,80.19999694824219,37823000,-0.015330911993268526,-0.015449645516517042,-0.0031806426275011956,0.020225323723131638,0.3210670605430878
2023-06-07,76.60688781738281,79.26300048828125,80.54499816894531,78.7509994506836,78.98200225830078,28957000,0.003329035976490813,0.0033235070035927674,-0.003665052025178439,0.01998550606044805,0.3172600731703185
2023-06-08,77.72511291503906,80.41999816894531,80.5009994506836,78.87799835205078,79.49099731445312,21909000,0.014596926327589577,0.014491416703314587,0.003712488947608672,0.01811162210592426,0.2875130875935332
2023-06-09,77.76570892333984,80.46199798583984,81.7750015258789,80.38800048828125,80.58000183105469,19241000,0.000522302339337255,0.0005221659869464656,-0.001765684778675447,0.012109663130786175,0.19223494262896834
2023-06-12,82.66969299316406,85.53600311279297,85.80000305175781,81.11199951171875,81.11199951171875,51065000,0.06306100899380329,0.06115249093377038,0.013235672328790481,0.029833865599205554,0.4735979341393373
2023-06-13,82.25990295410156,85.11199951171875,86.32599639892578,84.0999984741211,86.11299896240234,38990000,-0.004956956101147991,-0.004969282559388477,0.01531046350721459,0.02762985859335878,0.4386104075874494
2023-06-14,85.64840698242188,88.61799621582031,88.85399627685547,84.72200012207031,85.58999633789062,43524000,0.04119265774250902,0.040366842387044966,0.02288318786041823,0.028693374434124647,0.45549319816771494
2023-06-15,85.38262176513672,88.34300231933594,88.7969970703125,87.10199737548828,88.44100189208984,33814000,-0.003103212618300155,-0.003108037567057531,0.019343160071240283,0.0309726122630004,0.49167497701157115
2023-06-16,83.9019546508789,86.81099700927734,88.99500274658203,86.54499816894531,88.9280014038086,68299000,-0.017341551285819046,-0.017493677285574032,0.015770389346209022,0.03451423890908893,0.5478965570647113
2023-06-20,83.89422607421875,86.8030014038086,87.70700073242188,86.10099792480469,86.26599884033203,27535000,-9.211438151013329e-05,-9.211862430032379e-05,0.0031397646711463388,0.0222625451675097,0.35340694838744074
2023-06-21,82.36194610595703,84.76599884033203,86.5999984741211,84.45999908447266,86.0,23229000,-0.018264427004859085,-0.018433280824108632,0.0004782704904041202,0.024184956310740423,0.3839242792030879
2023-06-22,81.85377502441406,84.24299621582031,84.89099884033203,83.53099822998047,84.50900268554688,23464000,-0.006169974187948624,-0.0061890871368454285,-0.00899425589568741,0.008329803333851525,0.13223152854868722
2023-06-23,79.88329315185547,82.21499633789062,83.60199737548828,81.88500213623047,83.4010009765625,37413000,-0.02407319481564374,-0.024367690069446363,-0.013188252335156126,0.009775792444949404,0.15518589406752123
2023-06-26,79.83277130126953,82.16300201416016,83.69999694824219,82.02200317382812,82.5,21372000,-0.0006324457667249428,-0.0006326458449123829,-0.009846431231337304,0.010803055316293126,0.171493186599515
2023-06-27,82.43385314941406,84.83999633789062,85.0,82.0999984741211,82.86799621582031,24923000,0.03258163039748019,0.03206210364555749,-0.0033116822755392405,0.022126358791399396,0.3512450566885829
2023-06-28,82.38914489746094,84.79399871826172,85.85299682617188,83.70600128173828,83.87300109863281,19445000,-0.0005423530533273935,-0.0005425001799434048,0.00023273251476709777,0.020491298408318537,0.32528927777534716
2023-06-29,83.81068420410156,86.25700378417969,86.28399658203125,84.64099884033203,85.44499969482422,23386000,0.017253963594473953,0.017106804273957818,0.004917520071251613,0.021322316501355142,0.3384812810303672
2023-06-30,84.28288269042969,86.74299621582031,87.45700073242188,86.43299865722656,86.85199737548828,23145000,0.005634108476888056,0.0056182962517828585,0.010858980729757972,0.014160790050724476,0.22479557305448816
2023-07-03,85.1583251953125,87.64399719238281,87.6729965209961,86.49199676513672,86.86199951171875,9038000,0.01038695494194597,0.010333381184918519,0.013062860871492155,0.012708229483954753,0.20173688891089783
2023-07-05,83.74166870117188,86.18599700927734,87.69000244140625,86.17500305175781,86.73999786376953,14440000,-0.016635560773318292,-0.016775485704817863,0.0032194226373324585,0.012869963961712855,0.2043043441503349
2023-07-06,82.3949966430664,84.80000305175781,85.38999938964844,84.43299865722656,84.5,23939000,-0.01608126610076288,-0.016211972841194335,0.00011164002784536109,0.015593411711216374,0.24753773687352398
2023-07-07,82.2735366821289,84.67500305175781,85.79900360107422,84.46600341796875,85.04299926757812,19409000,-0.0014741181611265253,-0.001475205742249797,-0.003633976323274735,0.012360472459659568,0.1962164172931324
2023-07-10,85.28367614746094,87.77300262451172,87.91699981689453,84.8280029296875,84.8280029296875,30622000,0.036586970570646304,0.035933557304782676,0.002556596095476915,0.022086966499077994,0.3506197234342518
2023-07-11,85.70341491699219,88.20500183105469,88.30000305175781,86.46299743652344,88.11100006103516,25498000,0.004921677728871421,0.00490960586604745,0.0014635406528620055,0.021735004008457005,0.3450324921082155
2023-07-12,86.47100067138672,88.99500274658203,89.75900268554688,88.19999694824219,88.9000015258789,28197000,0.008956303026407708,0.0089164332249738,0.006581913412807205,0.019282225714327448,0.30609584378355126
2023-07-13,86.5108413696289,89.03600311279297,89.89399719238281,87.8270034790039,89.89399719238281,25912000,0.00046074057120715217,0.0004606344628612029,0.009890314747201211,0.015462360495235045,0.24545736331452872
2023-07-14,86.33789825439453,88.85800170898438,90.33499908447266,88.61599731445312,88.61599731445312,18510000,-0.001999091818971621,-0.0020010926700566884,0.009785320015632194,0.015560293233403463,0.24701199733696014
2023-07-17,88.4531478881836,91.03500366210938,91.3209991455078,88.97799682617188,89.10099792480469,26819000,0.02449966557625105,0.024204362270459627,0.007367859016753142,0.01045769819841723,0.16601081231508116
2023-07-18,87.78077697753906,90.34300231933594,90.98999786376952,89.82599639892578,90.5979995727539,24513000,-0.007601435637932252,-0.007630473797875507,0.004863236343392407,0.012491838458797437,0.1983017878798224
2023-07-19,87.58062744140625,90.13700103759766,90.59700012207033,88.56300354003906,89.72699737548828,24118000,-0.0022801066819450044,-0.002282710083293585,0.002615954401721865,0.012581801206524421,0.19972990222629622
2023-07-20,86.3145751953125,88.83399963378906,90.6999969482422,88.5999984741211,89.25399780273438,28268000,-0.014455848091985524,-0.014561351862718327,-0.00036736333091667015,0.01479448762767346,0.23485521022467554
2023-07-21,87.13172149658203,89.67500305175781,91.11499786376952,89.38300323486328,90.4489974975586,74287000,0.009467072037607771,0.009422540148241478,0.0019258694403992082,0.015356321622570465,0.24377404839627198
2023-07-24,87.60199737548828,90.15899658203124,90.54399871826172,89.4229965209961,90.08000183105467,19992000,0.005397298146171625,0.0053827849305463065,-0.001894604045616677,0.009653508586167139,0.15324469798934995
2023-07-25,89.19549560546875,91.79900360107422,92.31800079345705,90.06199645996094,90.06199645996094,20042000,0.018190204307217517,0.01802674184191964,0.003263723943413277,0.01235466282044747,0.19612419212975907
2023-07-26,86.7761001586914,89.30899810791016,91.06199645996094,88.76499938964844,90.9000015258789,19877000,-0.027124637072244773,-0.027499300656008904,-0.0017051821346466766,0.018572957914533894,0.2948365665163531
2023-07-27,86.81886291503906,89.35299682617188,90.98500061035156,88.5999984741211,90.8499984741211,21922000,0.0004927941710846095,0.000492672787913391,0.00128454631796735,0.01715647326203185,0.27235056975759214
2023-07-28,87.4271011352539,89.97899627685547,90.3560028076172,89.3949966430664,89.93199920654297,18791000,0.007005830297617033,0.006981403488896999,0.0007922979699692024,0.016896346648062267,0.2682211877778753
2023-07-31,87.31633758544922,89.86499786376953,90.0999984741211,89.0999984741211,89.75,14952000,-0.0012669246534130485,-0.0012677278809426083,-0.0005405465899477324,0.016704027345907212,0.2651682135029567
2023-08-01,89.39078521728516,92.0,92.06199645996094,89.7699966430664,89.89800262451172,19683000,0.023757840619527126,0.023480014880627065,0.0005729806725141895,0.01836755968603307,0.2915759707222747
2023-08-02,86.69934844970703,89.2300033569336,91.3000030517578,89.02899932861328,91.2300033569336,26877000,-0.030108660093274286,-0.030571234474213175,-2.3823931691713263e-05,0.01950572459528259,0.30964377852740244
2023-08-03,85.98810577392578,88.49800109863281,89.53299713134766,88.10800170898438,88.66200256347656,18281000,-0.008203552719820428,-0.008237387026502155,-0.0017630933098727209,0.019833109607937705,0.31484085448613347
2023-08-04,85.66455078125,88.16500091552734,89.36199951171875,87.33699798583984,88.49800109863281,21156000,-0.0037627877688857225,-0.003769884863617109,-0.003916816923173272,0.01921796735196557,0.30507577390475643
2023-08-07,87.1618423461914,89.70600128173828,89.73699951171875,88.5270004272461,88.76799774169922,11146000,0.017478543356455933,0.017327550501903502,-0.00016772332119947554,0.021550998090789517,0.34211148872074115
2023-08-08,85.81127166748047,88.31600189208984,89.05999755859375,87.33999633789062,89.00900268554688,14081000,-0.01549497626893559,-0.015616278091126609,-0.008018286698892018,0.017407738373659474,0.2763392797486736
2023-08-09,82.66022491455078,85.072998046875,88.35299682617188,84.87200164794922,88.27200317382812,24672000,-0.03672066258544715,-0.037411839241453755,-0.009340687197326591,0.019616418445919707,0.3114009889301021
2023-08-10,81.89945983886719,84.29000091552734,86.1500015258789,83.70700073242188,85.31199645996094,20186000,-0.009203520513887176,-0.009246134576603272,-0.009540680756139942,0.019607021977744058,0.3112518246221315
2023-08-11,80.62271118164062,82.97599792480469,83.63999938964844,82.3479995727539,83.4010009765625,20331000,-0.01558921951058645,-0.01571200919503752,-0.011905967104480086,0.019448451863108625,0.3087346020899774
2023-08-14,82.98768615722656,85.41000366210938,85.41799926757812,82.73799896240234,83.11299896240234,17688000,0.02933385569554603,0.028911850970534184,-0.009534904636662067,0.0240942574221734,0.38248447898305815
2023-08-15,81.86253356933594,84.25199890136719,85.46199798583984,83.64600372314453,84.9209976196289,14035000,-0.013558066744491892,-0.013650816624893381,-0.009147522731773328,0.0239898208553477,0.38082659988144507
2023-08-16,80.93656158447266,83.29900360107422,85.44999694824219,83.19599914550781,84.77899932861328,16003000,-0.011311303773404502,-0.011375763110326025,-0.004065650969364798,0.018823674074451714,0.298816562169199
2023-08-17,80.3642578125,82.70999908447266,83.94200134277344,82.70099639892578,83.6510009765625,19228000,-0.007071016618062642,-0.007096134733177893,-0.0036391501901998913,0.018701923880295332,0.2968838377543293
2023-08-18,80.24182891845703,82.58399963378906,82.81700134277344,81.19999694824219,82.0,17759000,-0.001523424683751995,-0.0015245862750166218,-0.0008259912248330004,0.017472482995641407,0.27736706875963213
2023-08-21,84.06037902832031,86.51399993896484,86.73400115966797,83.177001953125,83.40599822998047,30012000,0.047588024367487325,0.04649040209265414,0.002824842509555259,0.025440166336248248,0.4038501206269804
2023-08-22,83.15190124511719,85.5790023803711,87.4749984741211,85.08799743652344,87.34100341796875,17079000,-0.010807443336617095,-0.01086626796550805,0.003374967191130218,0.025023661646544314,0.397238313653888
2023-08-23,85.17192840576172,87.65799713134766,87.81900024414062,85.0,85.0770034790039,19692000,0.024293216756281266,0.02400283011711332,0.010495871297067371,0.02486505983503445,0.39472058794945136
2023-08-24,83.02265930175781,85.44599914550781,90.98600006103516,85.24600219726562,90.23500061035156,30934000,-0.0252344774180141,-0.02555832656606678,0.00686317913707708,0.02904808431304758,0.46112404293096243
2023-08-25,82.76615142822266,85.18199920654297,86.94400024414062,83.76699829101562,85.7020034790039,24181000,-0.003089612832116617,-0.003094395539526136,0.006549941507404155,0.02916932105956089,0.4630486166171832
2023-08-28,83.6658935546875,86.10800170898438,86.41300201416016,84.71099853515625,85.63899993896484,14306000,0.01087089481555914,0.010812231404763962,-0.0007934844029814814,0.019159293022294417,0.3041443477968367
2023-08-29,86.46906280517578,88.99299621582031,89.28399658203125,85.64199829101562,85.83999633789062,27822000,0.03350432453883978,0.03295528449362115,0.008068869172109893,0.023193036706585107,0.36817804364410034
2023-08-30,86.6973876953125,89.22799682617188,89.87100219726562,87.91100311279297,89.23899841308594,23234000,0.0026405385085663813,0.0026370584116326003,0.0037383335225669168,0.021354960962812385,0.33899949579056415
2023-08-31,89.67158508300781,92.28900146484376,92.36699676513672,89.37699890136719,89.8010025024414,55203000,0.03430550177760572,0.033730188712239574,0.01564632936169088,0.017392984273142967,0.27610506566396287
2023-09-01,84.77743530273438,87.25199890136719,90.18699645996094,86.46600341796875,90.18699645996094,65017000,-0.05457860230465417,-0.05612452739558696,0.00534853146718337,0.03626412103572798,0.5756750746492938
2023-09-05,84.7434310913086,87.21700286865234,88.30000305175781,86.69999694824219,86.95099639892578,24808000,-0.00040109978916391675,-0.00040118025120060703,0.0030941325462387594,0.03618527355200737,0.5744234096487261
2023-09-06,84.7531509399414,87.22699737548828,87.73699951171875,86.67400360107422,87.25,20142000,0.00011469736955005416,0.00011469079230968662,-0.003583792887619186,0.032010232366302876,0.5081466855037682
2023-09-07,83.27237701416016,85.7030029296875,86.16899871826172,84.052001953125,85.94999694824219,27789000,-0.017471609130267907,-0.017626039096694527,-0.007606222415386043,0.03229492741402898,0.5126660792784178
2023-09-08,83.3228988647461,85.75499725341797,86.08300018310547,85.01200103759766,85.5,16810000,0.0006067059978045464,0.0006065220261280458,-0.014345981571346278,0.023746511046881368,0.376964176412977
2023-09-11,83.47738647460938,85.91400146484375,86.9000015258789,84.56500244140625,86.87699890136719,15710000,0.0018540834748685953,0.0018523667837009932,-0.0030594444154417254,0.008099936406725067,0.12858250420579595
2023-09-12,82.0568618774414,84.4520034790039,85.8270034790039,84.16600036621094,85.02400207519531,16680000,-0.01701687914726513,-0.017163330037598346,-0.006382600287061968,0.009936828500301177,0.15774226219497497
2023-09-13,82.87399291992188,85.29299926757812,85.91100311279297,84.42400360107422,84.71900177001953,17413000,0.00995810738778835,0.009908852159066025,-0.004413918283414309,0.012251403479769734,0.19448500091389237
2023-09-14,84.69194030761719,87.16400146484375,87.66699981689453,85.5,85.90299987792969,19648000,0.0219362833096739,0.02169914473980984,0.003467660204574052,0.01426202111666886,0.2264025664071451
2023-09-15,82.75255584716797,85.16799926757812,86.81600189208984,84.29000091552734,86.81600189208984,50190000,-0.02289928006614328,-0.02316554122538014,-0.0012335370082155127,0.01864232542782603,0.29593774165178083
2023-09-18,82.58931732177734,85.0,85.63300323486328,84.0,84.25800323486328,16541000,-0.001972610074933545,-0.001974558232579267,-0.001998875718175941,0.018562255395515953,0.29466666929401264
2023-09-19,82.5115737915039,84.91999816894531,85.10299682617188,83.8499984741211,84.5989990234375,13126000,-0.0009413267090044863,-0.0009417700352227371,0.0012162347694761877,0.0165991159941204,0.2635027974237436
2023-09-20,81.14095306396484,83.05699920654297,84.9990005493164,83.03500366210938,84.9990005493164,13681000,-0.01661125421025711,-0.01675076825348986,-0.004097637550132904,0.01733735445827328,0.27522196973020835
2023-09-21,78.97117614746094,80.83599853515625,82.25,79.50900268554688,79.51100158691406,53654000,-0.026740835972106858,-0.02710487663259469,-0.013833061406489055,0.011867944741770718,0.18839778216109196
2023-09-22,80.99537658691406,82.90799713134766,83.05799865722656,81.03800201416016,81.1240005493164,27764000,0.02563214248795509,0.025309146872538768,-0.004126776895669382,0.019796708389246104,0.31426300305366756
2023-09-25,81.46528625488281,83.38899993896484,83.85600280761719,82.3010025024414,82.80000305175781,15648000,0.005801685080931707,0.005784920118145455,-0.0025719178644963312,0.02030692395274664,0.3223624240300102
2023-09-26,79.73612976074219,81.61900329589844,83.0270004272461,81.12100219726562,82.91699981689453,17641000,-0.021225684873070527,-0.02145418894414476,-0.006628789497309539,0.02186605703229735,0.34711289436608295
2023-09-27,79.79669189453125,81.68099975585938,82.36799621582031,80.43800354003906,81.9260025024414,15352000,0.0007595318956512553,0.0007592435972729727,-0.0031546322761278668,0.02125492089982762,0.33741140902375855
2023-09-28,81.28064727783203,83.19999694824219,83.88600158691406,81.46800231933594,82.01699829101562,16180000,0.01859670304706551,0.018425898713733176,0.005912875527706607,0.01811628924837055,0.2875871761830104
2023-09-29,81.14191436767578,83.05799865722656,84.40399932861328,82.29100036621094,83.6449966430664,16481000,-0.0017068381564683266,-0.0017082964643477783,0.0004450793988219237,0.014426766089170245,0.2290178117690661
2023-10-02,81.56884765625,83.49500274658203,83.85600280761719,82.3499984741211,82.90599822998047,14676000,0.005261562928373431,0.005247769269130874,0.0003370549683102686,0.014378571399268281,0.2282527447850993
2023-10-03,79.60326385498047,81.48300170898438,83.57499694824219,80.89099884033203,82.69999694824219,18761000,-0.024097236356126484,-0.024392324946249048,-0.00023725532830092265,0.015470996601801625,0.24559445725615486
2023-10-04,80.48055267333984,82.38099670410156,83.05799865722656,81.62999725341797,82.03299713134766,16417000,0.011020764424403584,0.010960478328315995,0.001814991177449543,0.016294920901867356,0.2586738500388562
2023-10-05,80.48544311523438,82.38600158691406,82.86299896240234,81.5479965209961,82.01100158691406,11474000,6.07655108231242e-05,6.076366467425915e-05,-0.001892196329798934,0.013368180945229617,0.21221329357433963
2023-10-06,82.5760498046875,84.5260009765625,84.83899688720703,81.1719970703125,81.94000244140625,21103000,0.025974966509905606,0.02564334733776216,0.0036441646034758523,0.018290168071277618,0.29034741692504684
2023-10-09,83.61356353759766,85.58799743652344,85.66100311279297,83.78299713134766,84.0459976196289,15760000,0.012564342026097464,0.012486065659585129,0.0051047204230206585,0.018737719069446313,0.2974520687660854
2023-10-10,83.86073303222656,85.84100341796875,87.25499725341797,85.5719985961914,85.71499633789062,14718000,0.002956093296008877,0.0029517326437711123,0.010515386353447731,0.010122922668976323,0.16069641553949746
2023-10-11,85.43846893310547,87.45600128173828,87.53399658203125,85.65499877929688,85.97100067138672,14334000,0.018813762339432438,0.018638972413781114,0.012073985936453502,0.010797635472150078,0.1714071492410316
2023-10-12,88.4708480834961,90.55999755859376,91.79299926757812,87.64299774169922,87.64299774169922,43871000,0.03549196501595597,0.03487664230234969,0.01916022583748007,0.012443532724436221,0.19753495811971364
2023-10-13,86.28057861328125,88.31800079345703,92.59100341796876,88.20899963378906,90.9000015258789,28312000,-0.024756962521120363,-0.02506856983759003,0.009013840031274877,0.022287322881556625,0.35380028240398975
2023-10-16,88.17485809326172,90.25700378417967,91.5790023803711,89.09700012207031,89.09700012207031,21150000,0.02195487687293829,0.021717339019062205,0.010891947000643044,0.023044126074160055,0.3658141606382801
2023-10-17,86.39976501464844,88.44000244140625,89.2979965209961,86.5999984741211,88.51499938964844,33008000,-0.02013151046680206,-0.020336910676267018,0.006274426248080856,0.02700461366043977,0.42868495198140766
2023-10-18,86.65670013427734,88.7030029296875,89.56300354003906,87.5199966430664,87.99500274658203,20404000,0.0029737941947567403,0.0029693812154970812,0.0031064326191457157,0.026079086161008076,0.41399265841112126
2023-10-19,84.78099060058594,86.78299713134766,88.9489974975586,86.56700134277344,88.7020034790039,26620000,-0.021645291486808715,-0.02188298706128381,-0.008321018681407222,0.02019509136791059,0.3205871367823118
2023-10-20,83.39374542236328,85.36299896240234,87.48999786376953,85.18399810791016,87.48999786376953,26953000,-0.016362691310816913,-0.01649803860591123,-0.006642164439346532,0.018786979216860504,0.2982340493637114
2023-10-23,84.23294067382812,86.22200012207031,87.36000061035156,84.28199768066406,85.7959976196289,16456000,0.010063047860658925,0.010012752529309495,-0.009020530241802405,0.014532657870287057,0.23069879168139074
2023-10-24,86.07835388183594,88.11100006103516,88.30000305175781,86.31199645996094,86.4000015258789,14972000,0.021908450461841644,0.021671908964631736,-0.0006125380560736638,0.018196626623696893,0.28886249247959334
2023-10-25,83.00297546386719,84.96299743652344,87.87300109863281,84.60800170898438,87.70700073242188,21432000,-0.03572766298703245,-0.03638151699439493,-0.008352829492431501,0.023691340951039815,0.37608837829255093
2023-10-26,80.76776123046875,82.67500305175781,85.44200134277344,81.83399963378906,84.79100036621094,27917000,-0.026929326580243718,-0.02729856488121478,-0.009409636511118502,0.024535336950210544,0.38948639942058627
2023-10-27,81.9019775390625,83.83599853515625,84.02100372314453,82.85399627685547,83.0,18236000,0.014042933607597341,0.013945245108538343,-0.0033285115274356513,0.02609937118893519,0.4143146732465201
2023-10-30,82.184326171875,84.125,84.94300079345703,82.71499633789062,84.11000061035156,20889000,0.0034473970140445065,0.00344146836266111,-0.004651641696758535,0.025409321184970975,0.4033604690303894
2023-10-31,82.19603729248047,84.13700103759766,84.55000305175781,83.26000213623047,84.38899993896484,14747000,0.00014249822503842324,0.00014248807313076145,-0.00900483214411918,0.021244577891108667,0.3372472188504874
2023-11-01,83.32633209228516,85.29399871826172,85.38300323486328,83.55699920654297,84.19999694824219,18684000,0.013751207929680653,0.01365751799269993,0.0008909420392234413,0.01672889937524587,0.26556304472834624
2023-11-02,85.11998748779297,87.12999725341797,88.05000305175781,86.0,86.19999694824219,18759000,0.02152567322321719,0.021297267826300096,0.010581941999915623,0.008684349155436184,0.13785976898242772
2023-11-03,86.23172760009766,88.26799774169922,88.75,87.10600280761719,87.75,18041000,0.01306085850240657,0.012976300956937838,0.010385526978877468,0.008597170331416208,0.1364758480547402
2023-11-06,86.0510025024414,88.08300018310547,88.58899688720703,87.12100219726562,88.15599822998047,12870000,-0.0020958074560951667,-0.0020980067339208632,0.009276886084849533,0.009964261005447141,0.1581777397137093
2023-11-07,87.71080780029297,89.78199768066406,90.177001953125,87.61599731445312,88.23200225830078,19365000,0.019288622439982195,0.019104954999041406,0.013106110927838288,0.009228068572554963,0.14649104714658742
2023-11-08,89.0110855102539,91.11299896240234,91.29100036621094,89.9000015258789,90.0,15280000,0.014824600782625597,0.014715790450167838,0.013320789498427276,0.009259260514681728,0.14698620387724667
2023-11-09,89.03553009033203,91.13800048828124,92.9800033569336,90.8560028076172,91.25,24486000,0.00027462399697752993,0.0002745862947101456,0.009070579653179344,0.009427307672735363,0.14965386980969317
2023-11-10,93.54308319091795,95.7519989013672,95.8949966430664,91.8209991455078,92.17400360107422,36272000,0.05062645323740678,0.04938660839207122,0.016583698600179386,0.021120073640499604,0.3352707751447952
2023-11-13,92.50851440429688,94.69300079345705,95.23999786376952,94.0479965209961,95.00499725341795,16893000,-0.01105981063837247,-0.011121425061139471,0.014790897963723926,0.023363427767697283,0.3708829178840877
2023-11-14,95.05146026611328,97.2959976196289,97.677001953125,95.5250015258789,96.23400115966795,23886000,0.02748877633795721,0.02711774405653214,0.016430928743318928,0.02403620765209243,0.3815629674512658
2023-11-15,95.2898406982422,97.54000091552734,98.1750030517578,96.69100189208984,97.95099639892578,16099000,0.002507909204777503,0.002504769648540223,0.01396759042774931,0.024859038187581603,0.3946249972595925
2023-11-16,93.7414093017578,95.95500183105467,96.87000274658205,95.052001953125,96.4000015258789,26198000,-0.016249700756535868,-0.01638317506407566,0.010662725477046631,0.028030625276544773,0.4449723814522715
2023-11-17,95.51746368408205,97.77300262451172,98.38899993896484,95.0999984741211,95.8209991455078,19789000,0.018946316207035574,0.018769070033403387,0.00432669807097239,0.0187993080723829,0.2984297638776852
2023-11-20,97.27398681640624,99.5709991455078,99.98699951171876,97.3000030517578,97.3000030517578,18674000,0.01838954956063099,0.01822250658294834,0.010216570110773083,0.017329325683164653,0.275094516876589
2023-11-21,95.85645294189452,98.12000274658205,99.0999984741211,97.16300201416016,97.5,43344000,-0.014572589454847296,-0.014679812590637697,0.001804296952212181,0.01705552505844478,0.27074806670565155
2023-11-22,94.95767211914062,97.1999969482422,98.79900360107422,97.0999984741211,98.36900329589844,33743000,-0.009376320478900912,-0.009420554892926692,-0.0005725489845235021,0.01774702716640886,0.2817253223581509
2023-11-24,95.62882995605467,97.88700103759766,97.98600006103516,96.6750030517578,97.49600219726562,23158000,0.007067968516245582,0.007043107502607776,0.004090984870032788,0.015521674949203295,0.2463989510806382
2023-11-27,92.83187103271484,95.02400207519533,98.10099792480467,94.93299865722656,97.61499786376952,96962000,-0.0292480722040116,-0.02968432448926408,-0.005547892812176647,0.018641094492452548,0.2959182011585115
2023-11-28,92.45184326171876,94.63500213623048,95.08599853515624,93.41600036621094,93.99400329589844,39025000,-0.004093720903914022,-0.0041021231180532105,-0.01004454690508565,0.013397533298494703,0.21267924773714322
2023-11-29,91.91259002685548,94.08300018310548,95.94300079345705,93.93699645996094,94.83399963378906,34843000,-0.005832801335682758,-0.005849878559139621,-0.008296589281252742,0.013228137114428207,0.2099901666806436
2023-11-30,90.43741607666016,92.572998046875,94.24199676513672,91.83699798583984,94.0999984741211,49571000,-0.01604974845953422,-0.016179940585526346,-0.009631274877379404,0.013692819063787668,0.21736676394111867
2023-12-01,90.85457611083984,93.0,93.38999938964844,90.8000030517578,92.24600219726562,29612000,0.004612692979043986,0.004602087112682125,-0.010122329984819722,0.012969130564894155,0.2058785651726194
2023-12-04,90.26548767089844,92.39700317382812,93.09700012207033,91.6439971923828,92.06400299072266,25009000,-0.006483860969454525,-0.006504972501628693,-0.005569487737908307,0.007358599886384183,0.1168141517820042
2023-12-05,89.20549774169922,91.31199645996094,91.72699737548828,90.58499908447266,91.16000366210938,37066000,-0.011743025563257015,-0.011812519469513632,-0.007099348669776906,0.00775932146405177,0.12317540961891954
2023-12-06,88.2793960571289,90.36399841308594,92.09700012207033,90.30999755859376,92.03600311279295,24813000,-0.01038166601852164,-0.010435931416746189,-0.008009121606344682,0.0078399507233431,0.12445535942980077
2023-12-07,90.0984344482422,92.22599792480467,92.41200256347656,90.36399841308594,90.5540008544922,43517000,0.020605469366103524,0.02039604860466964,-0.0006780780412171339,0.013521108006900564,0.21464093541781862
2023-12-08,92.25157928466795,94.43000030517578,95.072998046875,91.0530014038086,92.78399658203124,69668000,0.02389769422311816,0.023616613640944674,0.003178922207597701,0.01755616356682127,0.27869545664509066
2023-12-11,100.54964447021484,102.92400360107422,103.95099639892578,95.60900115966795,95.70099639892578,101184000,0.08995038621442886,0.08613217797064264,0.022465771644374376,0.04125796982983267,0.6549499666148587
2023-12-12,104.75434112548828,107.22799682617188,107.93900299072266,102.45800018310548,102.79900360107422,90242000,0.0418171210592293,0.04096642030720918,0.03317780096887164,0.03687606050832993,0.5853893126208666
2023-12-13,106.4551773071289,108.96900177001952,109.97799682617188,106.25399780273438,106.8000030517578,71654000,0.01623642670429426,0.016106025534150692,0.03850141951343482,0.03036138081577745,0.481971978594447
2023-12-14,108.09642028808594,110.64900207519533,112.14600372314452,109.02799987792967,109.21800231933594,66964000,0.01541722086678754,0.01529958307494155,0.03746376981357162,0.0312029060791884,0.495330778008228
2023-12-15,110.36779022216795,112.9739990234375,114.98799896240234,109.46199798583984,109.52200317382812,118544000,0.02101244359460397,0.020794726762132298,0.03688671968786879,0.031541354537914734,0.5007034807286459
2023-12-18,112.05396270751952,114.6999969482422,115.18199920654295,111.86399841308594,112.08000183105467,54741000,0.015277758863861735,0.015162229110375623,0.02195219421775536,0.011351458187276052,0.180198812288883
2023-12-19,111.84101104736328,113.95800018310548,115.0459976196289,113.2509994506836,114.1999969482422,36020000,-0.0019004384584958567,-0.0019022465828456548,0.013208682314210329,0.008767984047712946,0.13918743173777967
2023-12-20,108.9752426147461,111.03800201416016,114.13600158691406,110.9260025024414,113.2699966430664,34523000,-0.025623591970243997,-0.025957594111736974,0.0048366785793026775,0.019077711041741,0.302849274004786
2023-12-21,110.63482666015624,112.72899627685548,113.54199981689452,111.5,113.26499938964844,24106000,0.01522900069401234,0.015114203493490326,0.004799034544747638,0.019051782284346824,0.3024376677415665
2023-12-22,110.11370086669922,112.197998046875,113.1999969482422,111.35299682617188,112.7979965209961,19089000,-0.004710323224510371,-0.004721451756690915,-0.00034551881907523007,0.016934452592572084,0.2688261008937525
2023-12-26,111.08628845214844,113.18900299072266,113.5500030517578,112.302001953125,112.42400360107422,16793000,0.00883257558136763,0.008793796564115091,-0.001634555475574051,0.01564405056400501,0.24834160374046202
2023-12-27,110.52490997314452,112.61699676513672,113.95700073242188,112.2959976196289,113.5999984741211,20055000,-0.005053535290682976,-0.005066347583292408,-0.002265174842011475,0.01572081102778628,0.24956013832658538
2023-12-28,110.15589141845705,112.24099731445312,113.2239990234375,111.90499877929688,113.16899871826172,21247000,-0.0033387817712507983,-0.0033443679405747314,0.002191787197787165,0.00928426121813739,0.1473830777409188
2023-12-29,109.55135345458984,111.625,112.43800354003906,111.46700286865234,112.14600372314452,20558000,-0.005488022075648247,-0.005503136593368815,-0.0019516173561449524,0.006081972412566962,0.09654831890644627
2024-01-02,106.52167510986328,108.53800201416016,110.1999969482422,107.70899963378906,109.21199798583984,28831000,-0.027655325554534538,-0.028044934039646665,-0.006540617822149786,0.013188414275451641,0.20935958616083486
2024-01-03,103.89147186279295,105.85800170898438,107.5,105.53099822998048,107.0199966430664,34735000,-0.024691718792045014,-0.025001672106190066,-0.013245476696832315,0.011875276973128698,0.1885141777254624
2024-01-04,102.95225524902344,104.9010009765625,106.9499969482422,104.73699951171876,105.7959976196289,25658000,-0.00904036295693178,-0.009081475004254092,-0.014042842230082075,0.01130801630868259,0.1795091938454204
2024-01-05,102.97874450683594,104.9280014038086,105.5459976196289,104.1510009765625,105.16000366210938,22475000,0.000257296527875317,0.00025726343280039885,-0.013323626570256852,0.012235354855025214,0.1942302368941408
2024-01-08,105.4882583618164,107.48500061035156,107.8000030517578,105.1999969482422,105.6500015258789,33110000,0.02436924111862604,0.024077048651345193,-0.0073521739314019955,0.021094311895857275,0.33486182012681864
2024-01-09,106.23806762695312,108.2490005493164,108.8550033569336,106.47100067138672,106.56199645996094,23225000,0.007107987910511593,0.007082845236685661,-0.00039951123839276903,0.01826924122321063,0.29001521351078874
2024-01-10,106.04962158203124,108.05699920654295,108.2959976196289,106.26000213623048,108.03500366210938,17643000,-0.0017738090416290486,-0.0017753841037356497,0.004184070711690424,0.012666806312603546,0.2010793164514324
2024-01-11,107.9545669555664,109.9980010986328,110.12999725341795,107.45099639892578,108.43199920654295,25757000,0.01796277388940659,0.01780334957111083,0.009584698080958099,0.011301825783246846,0.1794109223006936
2024-01-12,108.71027374267578,110.76799774169922,111.56900024414062,110.0009994506836,111.20999908447266,26882000,0.007000229896901189,0.006975842035208704,0.010933284754763272,0.010265362756834012,0.16295758183468326
2024-01-16,109.42474365234376,111.49600219726562,112.6240005493164,109.86299896240234,111.23400115966795,26145000,0.006572239081645392,0.006550736082187529,0.0073738843473671436,0.007011737120145711,0.11130787607079463
2024-01-17,108.31670379638672,110.36699676513672,111.31099700927734,109.02100372314452,110.62899780273438,18314000,-0.010126044795475408,-0.010177661934350535,0.003927077806169743,0.010528915805951833,0.16714135678611453
2024-01-18,112.2659683227539,114.39099884033205,114.65499877929688,112.18800354003906,112.48999786376952,32228000,0.03646034626193018,0.03581139481688822,0.011573908866881588,0.01715353893080902,0.27230398869351274
2024-01-19,118.86995697021484,121.12000274658205,121.6999969482422,115.5999984741211,115.7310028076172,53077000,0.058824492819365304,0.057159323724490785,0.01974625265287333,0.027544689434606084,0.43725838910685616
2024-01-22,119.78267669677734,122.0500030517578,123.13300323486328,120.8219985961914,121.625,31222000,0.007678304508776712,0.007648976360014596,0.019881867575248437,0.027467808355748878,0.4360379398157611
2024-01-23,120.35287475585938,122.63099670410156,122.697998046875,120.35199737548828,122.0999984741211,16952000,0.004760271475026778,0.004748977211094734,0.019519474053924714,0.02769829325126195,0.4396967741026669
2024-01-24,123.05767822265624,125.38700103759766,128.4550018310547,123.10099792480467,124.2300033569336,34805000,0.02247394150146942,0.022225123525931995,0.02603947131331368,0.022282852515263154,0.3537293175390984
2024-01-25,120.71502685546876,123.0,128.10000610351562,122.87999725341795,128.10000610351562,36356000,-0.019037019071242,-0.019220556185108782,0.014939998246679242,0.028694101762284707,0.4555047441443133
2024-01-26,118.24968719482422,120.48799896240234,122.12100219726562,120.02300262451172,121.97000122070312,25818000,-0.02042280671151475,-0.02063423583247053,-0.0009094616594967686,0.018453035778708313,0.29293286162783594
2024-01-29,119.5147476196289,121.7770004272461,122.36699676513672,120.4990005493164,121.49099731445312,21526000,0.010698213710454985,0.010641392718323954,-0.0003054798191611141,0.01884955269507159,0.29922737253580045
2024-01-30,118.57159423828124,120.81600189208984,122.8000030517578,120.4290008544922,121.677001953125,20683000,-0.007891523013957902,-0.007922825875290892,-0.00283583871695805,0.01884870805677128,0.299213964318458
2024-01-31,115.80791473388672,118.0,119.72200012207033,117.43099975585938,118.94499969482422,27400000,-0.023308107832645253,-0.023584037814973768,-0.011992248583780984,0.013968042108965519,0.2217357943368056
2024-02-01,117.77173614501952,120.0009994506836,120.30899810791016,117.91100311279295,118.73500061035156,19411000,0.016957575098778266,0.01681540046254946,-0.004793329749776931,0.018095345669319984,0.28725470717262186
2024-02-02,120.1595458984375,122.43399810791016,123.46900177001952,120.51499938964844,120.875,26689000,0.020274896435913403,0.020072097295597002,0.0033462108797086996,0.01845698340244763,0.29299552821193925
2024-02-05,122.00069427490234,124.30999755859376,124.7750015258789,122.21499633789062,122.6959991455078,22045000,0.015322531078979296,0.015206326627101653,0.004271074353413562,0.019024618149519435,0.30200645046956553
2024-02-06,119.99368286132812,122.26499938964844,127.21099853515624,121.19400024414062,126.35700225830078,25354000,-0.01645081960805772,-0.016587636920853837,0.002559215034593598,0.02070362399395703,0.32865984195480075
2024-02-07,123.37076568603516,125.70600128173828,125.95099639892578,122.66999816894533,123.4000015258789,25768000,0.028143838443643654,0.02775507791001314,0.01284960428985138,0.017106681395539003,0.27156014838126935
2024-02-08,125.10787963867188,127.47599792480467,129.5970001220703,126.5009994506836,126.6999969482422,29326000,0.014080434233969763,0.013982225725172732,0.01227417611688968,0.01698188832070122,0.2695791197330863
2024-02-09,125.95974731445312,128.343994140625,128.5749969482422,124.89900207519533,125.2030029296875,26293000,0.006809064930534792,0.00678598794382913,0.009581009815813956,0.01645545741370327,0.2612222881588378
2024-02-12,124.15000915527344,126.5,129.0070037841797,125.9000015258789,129.00100708007812,24778000,-0.014367591216754017,-0.014471804455296302,0.0036429853566672943,0.019022342569932234,0.30197032676350793
2024-02-13,122.83981323242188,125.16500091552734,125.58699798583984,122.70899963378906,123.51200103759766,31907000,-0.010553329248755072,-0.010609410539719344,0.004822483428527824,0.017594149164562714,0.27929845931524666
2024-02-14,123.8771743774414,126.22200012207033,127.3000030517578,124.13200378417967,126.92400360107422,27306000,0.00844482841289218,0.008409370334501929,0.0008826814223775292,0.012548325819664988,0.19919849693426578
2024-02-15,124.15689086914062,126.50700378417967,128.0,124.48500061035156,127.99500274658205,21873000,0.002258014788478757,0.0022554693041935427,-0.001481802466720672,0.010363383445922478,0.16451361203468684
2024-02-16,122.23426055908205,124.5479965209961,127.56800079345705,124.23899841308594,125.90399932861328,21268000,-0.015485490145569103,-0.015606642713513787,-0.0059407134819414505,0.010695258470327547,0.16978196472026266
2024-02-20,120.37643432617188,122.65499877929688,123.77200317382812,121.25599670410156,123.58599853515624,26329000,-0.015198899428136903,-0.015315586553761574,-0.006106975124218028,0.010864135250640537,0.17246280049779142
2024-02-21,120.46475982666016,122.74500274658205,122.80500030517578,120.26399993896484,121.8000030517578,20579000,0.0007337441168007164,0.0007334750581916498,-0.0038495604511068703,0.01088190595298693,0.17274490165198048
2024-02-22,128.06590270996094,130.49000549316406,131.09800720214844,127.64700317382812,128.17100524902344,40819000,0.06309847705036953,0.06118773575601071,0.0070811692763885995,0.03243126182620986,0.5148303209770425
2024-02-23,127.2287368774414,129.63699340820312,131.96200561523438,128.8820037841797,130.83700561523438,23115000,-0.006536992398480268,-0.006558452105708549,0.005322167838996794,0.032991923452814924,0.5237305483789663
2024-02-26,128.48101806640625,130.91299438476562,131.87899780273438,130.14599609375,131.0,16282000,0.009842754236970563,0.009794629858110662,0.010387816715504728,0.030874913483053452,0.4901240569607669
2024-02-27,127.21499633789062,129.6230010986328,131.19400024414062,129.2220001220703,130.91299438476562,12126000,-0.009853764762832729,-0.009902634401122993,0.011456843648565562,0.029842790650151076,0.47373961493077993
2024-02-28,126.54664611816406,128.94200134277344,129.8520050048828,128.2969970703125,129.3000030517578,10967000,-0.005253706237206335,-0.0052675554796838,0.010259353577764151,0.030493672772902308,0.4840720483084854
2024-02-29,127.63308715820312,130.0489959716797,130.83999633789062,128.72799682617188,130.33099365234375,27536000,0.008585300941319263,0.008548656829641357,-0.000643281644045901,0.00916444932470662,0.14548112289616527
2024-03-01,137.31776428222656,139.91700744628906,140.7760009765625,132.0,132.59300231933594,44488000,0.07587904782103361,0.07313804633295888,0.015839926399856874,0.03463523808534017,0.549817359439938
2024-03-04,137.62103271484375,140.2259979248047,143.81700134277344,138.5189971923828,140.31500244140625,34854000,0.002208515658570498,0.0022060804726351715,0.014313078684176861,0.03513044204826053,0.5576784786447836
2024-03-05,131.7805633544922,134.27499389648438,139.5,133.23699951171875,139.5,36040000,-0.042438784574834965,-0.04336562741201584,0.007796074721776414,0.04289805587661392,0.6809855254660401
2024-03-06,132.4921112060547,135.0,139.48300170898438,134.70599365234375,139.1580047607422,43196000,0.005399490133066287,0.005384965147769091,0.009926713995830939,0.04234891234732321,0.6722681421905389
2024-03-07,138.08718872070312,140.7010040283203,141.43099975585938,137.28900146484375,138.19900512695312,62832000,0.04222951437423195,0.04136218239177458,0.016655556682413475,0.04469062097298825,0.7094416141894462
2024-03-08,128.44078063964844,130.8719940185547,141.3000030517578,130.1580047607422,139.4250030517578,74025000,-0.06985737178389251,-0.07241734092060745,-0.012491727238571749,0.04392678710400561,0.697316127427668
2024-03-11,126.90975952148438,129.31199645996094,129.90199279785156,125.25599670410156,127.79299926757812,31105000,-0.011920054600566998,-0.011991668111636987,-0.015317441290399247,0.04319304593907195,0.6856683475330363
2024-03-12,126.7880859375,129.18800354003906,130.7790069580078,125.9280014038086,130.6999969482422,42789000,-0.000958740954542403,-0.0009592008406159333,-0.007021432566340735,0.04058646042713497,0.6442900853193809
2024-03-13,123.45024871826172,125.78700256347656,128.28799438476562,125.23600006103516,128.28799438476562,37838000,-0.02632611096348325,-0.02667884758732928,-0.013366552785650642,0.04063905638157262,0.6451250202118415
2024-03-14,123.882080078125,126.22699737548828,127.31300354003906,124.77100372314452,126.25399780273438,38029000,0.0034980193587847985,0.0034919155191587867,-0.02111285178874007,0.029578695809150065,0.469547239299837
2024-03-15,121.25481414794922,123.5500030517578,126.73699951171876,123.00700378417967,125.34600067138672,88823000,-0.021207796386038424,-0.021435912694667318,-0.011382936709169256,0.012749720886370094,0.20239554450492764
2024-03-18,121.42557525634766,123.7239990234375,126.28800201416016,123.16999816894533,125.39800262451172,25737000,0.0014082831234236703,0.0014072924227614178,-0.008717269164371122,0.013946499763389335,0.22139382020249604
2024-03-19,121.50114440917967,123.8010025024414,124.0270004272461,120.4020004272461,121.69499969482422,24491000,0.0006223495558697056,0.0006221559766966376,-0.0084010510622887,0.014182323249535113,0.2251374019883961
2024-03-20,125.7628936767578,127.5999984741211,128.7989959716797,122.65899658203124,123.9020004272461,40946000,0.03507579527996718,0.03447465619054674,0.0038793301864013864,0.02012115024270503,0.31941335780858665
2024-03-21,132.85923767089844,134.8000030517578,140.36099243164062,131.60000610351562,132.83200073242188,72468000,0.056426373365581206,0.054891866450663,0.014465000987760667,0.030903911426029926,0.49058438503465596
2024-03-22,133.3983612060547,135.3470001220703,137.6219940185547,134.61500549316406,135.0,38624000,0.004057855099934393,0.004049644210832162,0.01951813128495523,0.025141084651262833,0.399102346065987
2024-03-25,133.21206665039062,135.1580047607422,135.843994140625,133.7469940185547,134.5030059814453,21237000,-0.001396528068109526,-0.0013975041222625492,0.01895716904664859,0.025671869487947484,0.4075282941312967
2024-03-26,131.2320098876953,133.1490020751953,137.99400329589844,133.05099487304688,136.468994140625,23522000,-0.01486394447953343,-0.014975519916817781,0.015859910239567964,0.02913724672058983,0.46253945227087795
2024-03-27,129.97438049316406,131.8730010986328,135.0,129.6020050048828,135.0,25583000,-0.009583251796627112,-0.009629466650185986,0.006928100824249106,0.028614396486657027,0.4542394621193691
2024-03-28,130.63275146484375,132.54100036621094,133.00900268554688,131.1529998779297,131.7899932861328,19856000,0.005065390342170684,0.005052604411487919,-0.0033440957804329987,0.00867374393673637,0.13769141635475277
2024-04-01,133.0819854736328,135.0260009765625,136.29800415039062,132.54100036621094,132.5679931640625,17252000,0.018749004222330834,0.018575408121984906,-0.00040586595595371033,0.013144253058939265,0.2086585485819199
2024-04-02,131.94854736328125,133.87600708007812,134.23699951171875,130.34100341796875,131.57899475097656,24694000,-0.008516841000813957,-0.008553316543053854,-0.0018299285424945965,0.013654232744974123,0.2167542251195781
2024-04-03,134.35833740234375,136.3209991455078,137.6820068359375,132.52699279785156,132.8000030517578,28650000,0.0182631039690635,0.018098336571423974,0.0047954811472247895,0.013785104313135458,0.21883174685784168
2024-04-04,129.8531494140625,131.75,140.3979949951172,131.5,138.53199768066406,27014000,-0.033531138263420246,-0.034106198404139795,5.903853866162656e-06,0.021838028441394625,0.3466679542793139
2024-04-05,132.01455688476562,133.9429931640625,136.1230010986328,131.4199981689453,132.60000610351562,19438000,0.01664501385184769,0.016508003873766507,0.002321828555801564,0.02308702009085983,0.36649508204380166
2024-04-08,131.68637084960938,133.61000061035156,134.25,131.5749969482422,133.36500549316406,17139000,-0.002485983689228477,-0.002489078877469132,-0.0019251690265102983,0.021184428258668547,0.3362923730371564
2024-04-09,131.48727416992188,133.4080047607422,135.947998046875,130.86399841308594,135.73699951171875,17986000,-0.0015119004222151622,-0.0015130444969553025,-0.0005241809107905393,0.0208687973755511,0.3312818881002337
2024-04-10,130.3331298828125,132.23699951171875,133.5749969482422,131.54800415039062,132.3000030517578,17467000,-0.008777612087523146,-0.008816362247060689,-0.005932324122107868,0.018103478972761808,0.28738381936208884
2024-04-11,136.255615234375,138.24600219726562,139.18699645996094,132.36500549316406,133.26800537109375,31713000,0.04544113501216174,0.044438935108890916,0.009862130533008528,0.022029284917014655,0.3497040567060416
2024-04-12,132.4718780517578,134.40699768066406,136.6510009765625,133.66200256347656,135.2010040283203,27823000,-0.027769403676382365,-0.028162263642355825,0.0009792470273625176,0.027003492087974566,0.4286671475704861
2024-04-15,129.18197631835938,131.06900024414062,137.0,130.60000610351562,137.0,24370000,-0.024834717992848643,-0.025148302343847965,-0.0034904998333615154,0.029458505227403932,0.4676392729644423
2024-04-16,130.9925079345703,132.906005859375,133.6320037841797,131.10000610351562,131.53799438476562,18923000,0.014015357775213344,0.013918050789220338,-0.00038504819387581436,0.03051858108795331,0.48446745555170095
2024-04-17,126.41634368896484,128.26300048828125,134.6999969482422,128.14199829101562,134.31100463867188,24718000,-0.03493454944683727,-0.035559355535699735,-0.005616435665738639,0.03432175330677158,0.5448409428565582
2024-04-18,124.08639526367188,125.89900207519533,129.26499938964844,125.5459976196289,128.8000030517578,24888000,-0.01843075315503173,-0.018602715696258643,-0.018390813299177335,0.01906133907797838,0.3025893771372481
2024-04-19,118.73653411865234,120.47100067138672,126.0,119.75599670410156,125.89900207519533,44797000,-0.04311400241462071,-0.04407101940527088,-0.021459733046825004,0.021963181521979742,0.348654697841565
2024-04-22,120.68309783935548,122.4459991455078,123.31999969482422,120.0540008544922,122.4499969482422,25162000,0.016393974568585268,0.0162610442375095,-0.01321399453453822,0.02743664068837402,0.4355431684348419
2024-04-23,123.12049102783205,124.91899871826172,125.79000091552734,122.802001953125,122.81700134277344,22025000,0.0201966408893568,0.019995393901147747,-0.01197773791170953,0.029061436170138684,0.46133599709138606
2024-04-24,123.87250518798828,125.68199920654295,128.56199645996094,124.49600219726562,126.38999938964844,20108000,0.006107952899458757,0.006089374965531369,-0.0037692374424503237,0.026652616689421125,0.4230971732960276
2024-04-25,127.578369140625,129.44200134277344,130.80299377441406,125.6999969482422,127.24500274658205,30410000,0.0299167595505776,0.02947798300544491,0.005900265098671542,0.028695547821191002,0.45552769961779654
2024-04-26,132.4718780517578,134.40699768066406,135.58299255371094,130.31300354003906,131.0,24100000,0.0383568856076133,0.03763954608222358,0.022194442703118343,0.012422464882257041,0.1972005164933124
2024-04-29,131.9347381591797,133.86199951171875,135.29800415039062,132.57000732421875,134.4080047607422,13372000,-0.004054746565669287,-0.004062989339643335,0.018104698476267434,0.017241048420029735,0.27369315876853056
2024-04-30,128.15493774414062,130.02699279785156,134.8350067138672,129.90499877929688,132.88800048828125,22113000,-0.028649015928456367,-0.029067409401094566,0.0083355671127048,0.026895022550991302,0.42694524705238185
2024-05-01,122.4966049194336,124.28600311279295,129.23699951171875,124.13500213623048,127.83300018310548,30958000,-0.04415228101474955,-0.04515666838308005,-0.0017164796701368613,0.03584048920361856,0.5689501277980207
2024-05-02,122.07379150390624,123.85700225830078,126.44499969482422,122.33100128173828,125.62799835205078,29480000,-0.0034516337477715764,-0.0034576043784486253,-0.008390158329806696,0.0312962524403255,0.49681260555239753
2024-05-03,125.97085571289062,127.81099700927734,128.38800048828125,124.71399688720705,125.9000015258789,24898000,0.03192384017055527,0.03142486605179796,-0.009676767417218301,0.02893733406308959,0.45936593721679997
2024-05-06,129.14451599121094,131.031005859375,131.07699584960938,127.50700378417967,128.6219940185547,16287000,0.025193607365449955,0.02488147998838691,-0.003827096630994453,0.03302544431271088,0.5242626755330726
2024-05-07,128.4348602294922,130.31100463867188,131.8990020751953,129.67599487304688,131.6439971923828,12413000,-0.005495051464415646,-0.0055102047974387915,0.0008036962618136912,0.030175126635376682,0.47901528514252745
2024-05-08,130.6288299560547,132.53700256347656,133.79100036621094,128.8489990234375,129.35000610351562,13918000,0.017082353830122354,0.016938091005371126,0.013050623230788072,0.01685357356959123,0.26754218620721715
2024-05-09,128.6871795654297,130.56700134277344,132.16099548339844,130.1999969482422,131.7830047607422,12170000,-0.014863873398224592,-0.014975447763021484,0.010768175300697468,0.020106084664594456,0.31917419917035866
2024-05-10,131.36109924316406,133.27999877929688,134.39999389648438,131.531005859375,131.531005859375,16300000,0.02077844651475047,0.02056551907782785,0.008539096569536508,0.017640989030550086,0.2800420191363237
2024-05-13,131.82534790039062,133.75100708007812,135.83900451660156,133.01100158691406,134.8000030517578,18507000,0.003534141080588693,0.003527910679096719,0.004207203312564256,0.014988898638243054,0.23794138934127493
2024-05-14,136.01614379882812,138.0030059814453,138.19900512695312,132.5800018310547,133.23399353027344,19420000,0.03179051650676579,0.031295658573501764,0.011664316906800542,0.017939697828944615,0.28478387430619684
2024-05-15,141.54928588867188,143.61700439453125,143.89500427246094,136.9980010986328,138.0,32757000,0.04068003940787679,0.03987438351029066,0.01638385402235143,0.022296400539139893,0.3539443857507037
2024-05-16,139.17991638183594,141.21299743652344,144.5399932861328,140.50599670410156,142.60000610351562,28395000,-0.01673883052083669,-0.01688050797967909,0.01600886259782901,0.022959238758948643,0.36446661628520005
2024-05-17,137.52015686035156,139.5290069580078,141.9530029296875,138.17799377441406,141.24200439453125,18174000,-0.011925280346705147,-0.011996956914411968,0.009468117225537887,0.025749598243181453,0.40876219986770285
2024-05-20,139.36715698242188,141.4029998779297,141.69400024414062,139.3159942626953,139.60000610351562,27170000,0.013430759273681536,0.013341366148561023,0.011447440864156454,0.025559093721814218,0.4057380343446763
2024-05-21,137.905517578125,139.9199981689453,140.93899536132812,139.3459930419922,139.8679962158203,15333000,-0.010487689036242753,-0.010543072416349544,0.002991799755554747,0.02409817914221436,0.38254673435869807
2024-05-22,137.21954345703125,139.2239990234375,140.5,138.4219970703125,139.6009979248047,21002000,-0.004974232598816353,-0.00498664527325113,-0.006139054645783881,0.011716235581115913,0.1859894738968742
2024-05-23,137.32302856445312,139.32899475097656,142.89999389648438,137.8000030517578,142.84300231933594,31039000,0.0007541572054150514,0.0007538729717654042,-0.002640457100533533,0.01028397906788545,0.1632531066109124
2024-05-24,138.757080078125,140.78399658203125,141.35800170898438,139.20199584960938,139.97900390625,16730000,0.0104429062529654,0.010388755773455768,0.0018331802194005765,0.010098764793903224,0.16031292116161433
2024-05-28,139.21144104003906,141.2449951171875,141.71800231933594,139.25399780273438,141.0,22919000,0.0032745065092048,0.003269156987613141,-0.00019807033349477087,0.007982541715526979,0.12671892125689976
2024-05-29,137.06478881835938,139.06700134277344,139.91000366210938,138.3000030517578,139.91000366210938,26861000,-0.015420084769198539,-0.015540210778547755,-0.001184549480085928,0.009693446934141262,0.1538786996084357
2024-05-30,134.444091796875,136.4080047607422,138.2779998779297,135.56399536132812,137.89999389648438,21717000,-0.01912013321639716,-0.019305286871159198,-0.00401372960360209,0.01268023874800272,0.20129254975284133
2024-05-31,130.9422149658203,132.85499572753906,136.2550048828125,130.7259979248047,136.13600158691406,73091000,-0.02604708607311279,-0.026392319499037552,-0.009373978259307659,0.015509904442479348,0.24621210007905753
2024-06-03,130.28680419921875,132.19000244140625,135.3000030517578,130.2530059814453,135.27000427246094,26278000,-0.0050053435156312,-0.0050179122054333,-0.012463628213026979,0.011628358835489894,0.18459447380716143
2024-06-04,131.1659698486328,133.08200073242188,133.19900512695312,130.7010040283203,132.0399932861328,23048000,0.00674792550801806,0.006725260164257115,-0.011768944413264325,0.012843839970593705,0.20388963864781254
2024-06-05,139.2745361328125,141.3090057373047,141.43499755859375,134.0540008544922,134.60000610351562,32947000,0.06181913108664605,0.0599835986041453,0.003678898757904592,0.03488750362750789,0.553821950773498
2024-06-06,138.1095428466797,140.1269989013672,142.2689971923828,138.82400512695312,142.18699645996094,20172000,-0.008364725659699035,-0.008399906299009984,0.005829980269244217,0.033431530436260445,0.530709092895791
2024-06-07,138.63880920410156,140.66400146484375,142.5,139.70199584960938,140.7779998779297,17859000,0.0038322214852990477,0.003824897230689876,0.011805841780926585,0.028635458730270933,0.45457381487130183
2024-06-10,141.97311401367188,144.0469970703125,144.90499877929688,140.91299438476562,140.97999572753906,31042000,0.024050298965433425,0.02376564549439533,0.01761697027713951,0.027287463675847234,0.43317505677600127
2024-06-11,143.99948120117188,146.10299682617188,146.50100708007812,141.6230010986328,143.82000732421875,34844000,0.014272893861473346,0.014171995057187359,0.019121963947830566,0.02674015883731469,0.42448686181140444
2024-06-12,147.39785766601562,149.55099487304688,150.5800018310547,147.63999938964844,150.0,56697000,0.02359992158649593,0.023325748697882124,0.011478122047800543,0.0138293782086338,0.21953457316020572
2024-06-13,165.48170471191406,167.8990020751953,173.5850067138672,165.2519989013672,171.0,89061000,0.12268731263974053,0.11572519766140818,0.037688529707688455,0.0482281684418805,0.7655984393120955
2024-06-14,171.0059814453125,173.50399780273438,174.7239990234375,168.2100067138672,168.68600463867188,69705000,0.03338300595232324,0.032837891944094005,0.0435986866010933,0.04472544879838789,0.709994488777722
2024-06-17,180.2538909912109,182.88699340820312,184.3000030517578,177.85800170898438,180.0,87528000,0.05407945071708431,0.05266782746521407,0.04960451695142347,0.04344197292707007,0.6896199409621685
2024-06-18,177.65684509277344,180.2519989013672,185.16200256347656,178.50100708007812,183.95899963378903,86797000,-0.014407710613936753,-0.014512509502494154,0.04386839605634145,0.05058049604412589,0.8029404823382605
2024-06-20,170.9586944580078,173.45599365234375,180.4750061035156,172.2220001220703,180.3459930419922,68157000,-0.03770274447498945,-0.03843187861905767,0.031607862844044377,0.06269964684365754,0.9953260370393626
2024-06-21,163.47499084472656,165.86300659179688,171.39999389648438,165.14199829101562,169.5659942626953,99289000,-0.04377492257417448,-0.044761957003698845,-0.0016845841987386256,0.04350329260273712,0.6905933606359095
2024-06-24,157.4269256591797,159.2209930419922,166.10000610351562,159.0659942626953,164.2050018310547,58575000,-0.03699688346391472,-0.03769863091086269,-0.01576056208198622,0.04061004402441465,0.6446644633199148
2024-06-25,156.29779052734375,158.07899475097656,160.60400390625,156.39999389648438,160.01300048828125,53329000,-0.0071724397024715,-0.007198285306288051,-0.02801094016589738,0.016143670159670314,0.2562728189420523
2024-06-26,157.4061737060547,159.1999969482422,161.8179931640625,157.35899353027344,159.76199340820312,46479000,0.0070914833470856475,0.007066457025228123,-0.0237111013736929,0.02234480677329563,0.35471281089559115
2024-06-27,156.87820434570312,158.66600036621094,160.56199645996094,157.10000610351562,159.1999969482422,31649000,-0.00335418457815706,-0.003359822465789905,-0.016841389394326424,0.022247667463650683,0.35317077216049697
2024-06-28,158.74391174316406,160.55299377441406,163.92300415039062,158.60000610351562,159.58799743652344,69377000,0.01189271259983049,0.011822550027704612,-0.005707862359525429,0.019106877799500196,0.3033122819302714
2024-07-01,162.23118591308594,164.0800018310547,164.875,159.35000610351562,160.82000732421875,47623000,0.021967923882107776,0.02173010565502795,0.006085099109679071,0.011745932469700687,0.18646089738832042
2024-07-02,163.88038635253906,165.7480010986328,165.9199981689453,162.1999969482422,164.0800018310547,32539000,0.010165742364335983,0.010114418740841978,0.009552735523040567,0.009119135387617891,0.14476178644539325
2024-07-03,170.97354125976562,172.9219970703125,172.9219970703125,166.4459991455078,167.0,39954000,0.04328251272222272,0.0423720048466841,0.01679094139806798,0.017337217964953574,0.27521980296593096
2024-07-05,168.41172790527344,170.33099365234375,176.5469970703125,169.60000610351562,175.55599975585938,45240000,-0.01498368306356801,-0.015097072529555736,0.014465041700985792,0.02108950046310261,0.33478544099970614
2024-07-08,172.61878967285156,174.58599853515625,175.69000244140625,170.5,170.5,36398000,0.024980812321719448,0.02467389272902862,0.017082661645363584,0.021498680209550265,0.34128096810345593
2024-07-09,171.3779296875,173.33099365234375,177.09800720214844,170.55599975585938,175.656005859375,37802000,-0.007188441001719781,-0.007214402332884809,0.011251388668598072,0.023685306188361562,0.3759925794049432
2024-07-10,172.50311279296875,174.468994140625,176.6490020751953,172.63600158691406,174.60000610351562,41074000,0.006565507632870116,0.0065440485628796355,0.0105313417223049,0.02378109244812179,0.37751313913899875
2024-07-11,168.6727752685547,170.59500122070312,176.48699951171875,166.85000610351562,176.46600341796875,51026000,-0.02220445453069053,-0.022454684514455484,-0.0025660517282777517,0.01873129740941221,0.29735012807335875
2024-07-12,168.1507110595703,170.06700134277344,172.59100341796875,169.13099670410156,171.10299682617188,30453000,-0.0030951302494025557,-0.003099930071641694,-0.00018834116544466095,0.017473271223920138,0.27737958149564335
2024-07-15,169.4884796142578,171.4199981689453,173.50999450683594,169.25999450683594,170.0,22999200,0.007955771023850033,0.007924290733981626,-0.003593349425018544,0.012207893951366722,0.19379430856299595
2024-07-16,167.47146606445312,169.3800048828125,172.80999755859375,166.39999389648438,172.39999389648438,22244900,-0.011900593800801329,-0.011971972733532205,-0.004535779984834854,0.012725716559245233,0.2020144876251567
2024-07-17,154.22242736816406,155.97999572753906,162.83999633789062,155.61000061035156,162.30999755859375,43343400,-0.07911221539787583,-0.08241709097290988,-0.02167132459098404,0.03397810741927373,0.5393857335122217
2024-07-18,158.71128845214844,160.52000427246094,161.50999450683594,153.89999389648438,158.88999938964844,37973500,0.029106409233648156,0.028690861839395777,-0.011409151838116305,0.04083374894608287,0.6482156688586865
2024-07-19,155.5770263671875,157.35000610351562,163.9499969482422,157.1199951171875,161.83999633789062,26309500,-0.0197481988554703,-0.01994580037753591,-0.014739765559329853,0.04066488664482928,0.6455350629291001
2024-07-22,159.24520874023438,161.05999755859375,162.99000549316406,157.89999389648438,160.22999572753906,28813300,0.023577918017209987,0.023304252207581064,-0.011615336160657862,0.043355735554492104,0.688250965112803
2024-07-23,161.9246826171875,163.77000427246094,165.3300018310547,159.89999389648438,160.39999389648438,21570200,0.01682608788138773,0.016686097410344724,-0.0058699998242200515,0.04517374238262872,0.7171109288072041
2024-07-24,149.6347198486328,151.33999633789062,161.41000366210938,151.10000610351562,160.35000610351562,37162600,-0.07589925494935124,-0.07893418184385227,-0.005227407734515133,0.04387561341930878,0.6965037703673962
2024-07-25,147.5781707763672,149.25999450683594,153.5500030517578,145.52000427246094,151.25999450683594,30872100,-0.013743796054458413,-0.01383911640275886,-0.013797448792136447,0.03945493529157244,0.6263276806538783
2024-07-26,149.92147827148438,151.6300048828125,153.5800018310547,149.9199981689453,153.5,20839900,0.015878415369899868,0.0157536720837591,-0.006672125947062413,0.04128608129461842,0.6553962222837358
2024-07-29,148.52737426757812,150.22000122070312,155.0,149.14999389648438,152.02000427246094,16625800,-0.009298894461150842,-0.009342399086899019,-0.013247488442734578,0.037728702031418,0.5989245771863368
2024-07-30,141.90284729003906,143.52000427246094,153.47000122070312,143.35000610351562,153.27999877929688,31102300,-0.04460138752338483,-0.04562663032310662,-0.02553298352368909,0.035418215213425516,0.5622467360189304
2024-07-31,158.86949157714844,160.67999267578125,161.3300018310547,151.0,151.47000122070312,45827500,0.11956521388489683,0.11294040804865864,0.013559910243160523,0.06303422434317853,1.0006372901874248
2024-08-01,145.36341857910156,147.02000427246094,158.91000366210938,146.1699981689453,157.5,40320000,-0.08501363517921379,-0.08884611565285551,-0.0006940575817905526,0.07721500378806116,1.225750185036721
2024-08-02,142.19947814941406,143.82000732421875,145.35000610351562,139.60000610351562,141.92999267578125,33745800,-0.0217657266223813,-0.022006094302344015,-0.008222885980246786,0.07703015534697415,1.2228158070045956
2024-08-05,140.4790802001953,142.0800018310547,145.4199981689453,128.5,129.61000061035156,41309300,-0.012098482860893989,-0.012172265211553826,-0.008782803660195414,0.07705010423257809,1.223132485746041
2024-08-06,142.29833984375,143.9199981689453,148.91000366210938,140.25,141.72999572753906,24751300,0.012950395467866693,0.012867256118778262,0.0027275529380548892,0.07462203712424004,1.1845881153346118
2024-08-07,134.7345428466797,136.27000427246094,150.10000610351562,135.8300018310547,148.25,29749800,-0.05315449923994686,-0.05461934508252394,-0.031816389686913846,0.038010322867597104,0.6033951693656006
2024-08-08,144.09783935546875,145.74000549316406,146.27000427246094,138.39999389648438,141.1999969482422,27583200,0.0694944021849242,0.06718601547793386,-0.0009147822140862516,0.04593071270322064,0.7291274601160623
2024-08-09,146.5894317626953,148.25999450683594,149.5500030517578,144.11000061035156,144.1999969482422,18438700,0.017290976869404506,0.017143189093185452,0.0068965584842709095,0.044805479690720906,0.7112649398076164
2024-08-12,146.94537353515625,148.6199951171875,151.1300048828125,146.3699951171875,148.0800018310547,17778500,0.002428154391355797,0.002425211187887146,0.009801885934720866,0.04372377626281775,0.6940934302322694
2024-08-13,154.40042114257812,156.16000366210938,156.3800048828125,149.80999755859375,151.5500030517578,22053600,0.050733462565517806,0.04948845608355785,0.01735849935425109,0.04750537670639279,0.754124476221336
2024-08-14,155.91319274902344,157.69000244140625,160.25,154.72000122070312,158.02000427246094,20184200,0.009797716840735715,0.00975003043867213,0.029948942570387604,0.028807678766444682,0.4573077231902915
2024-08-15,164.25808715820312,166.1300048828125,166.6699981689453,160.33999633789062,161.1999969482422,27945000,0.053522695944099086,0.05213949740366244,0.02675460132222258,0.023771773259443955,0.3773652016050241
2024-08-16,163.8527069091797,165.72000122070312,166.08999633789062,162.67999267578125,164.47000122070312,19296900,-0.002467946973186197,-0.002470997374169551,0.02280281655370444,0.027141771047610924,0.43086225800298933
2024-08-19,165.82028198242188,167.7100067138672,167.8300018310547,160.4199981689453,164.86000061035156,20441700,0.012008193885577834,0.011936667557374783,0.02471882445254885,0.02564051740594826,0.4070305952589724
2024-08-20,164.08009338378906,165.9499969482422,168.3699951171875,164.14999389648438,167.0500030517578,19417500,-0.010494425517966977,-0.010549880320182847,0.012473246835851892,0.02471429370265057,0.39232724979493866
2024-08-21,163.9120330810547,165.77999877929688,166.47000122070312,162.8800048828125,165.1199951171875,16097700,-0.0010242577223629201,-0.0010247826327634613,0.010308851923232165,0.02546952293790997,0.40431614223098983
2024-08-22,160.51077270507812,162.33999633789062,172.4199981689453,161.49000549316406,170.83999633789062,30044500,-0.020750522777633007,-0.020968840291465757,-0.004545791821114253,0.012131906616754137,0.19258804702194265
2024-08-23,164.48550415039062,166.36000061035156,168.27999877929688,163.4600067138672,165.02999877929688,18848000,0.024763019816842258,0.024461385680799506,0.0009004015368914376,0.0179938636942139,0.2856437307605038
2024-08-26,157.82144165039062,159.6199951171875,165.6999969482422,158.66000366210938,164.9600067138672,18521200,-0.04051458840960831,-0.04135816782881896,-0.00960415492214579,0.024161986321417347,0.3835596419268879
2024-08-27,159.57150268554688,161.38999938964844,162.02999877929688,155.8300018310547,157.60000610351562,16683100,0.01108886737350323,0.011027836643665934,-0.00528749634385175,0.025833346742011962,0.4100916660711859
2024-08-28,156.3976593017578,158.17999267578125,162.27999877929688,156.25,160.0800018310547,18063600,-0.01988978815373743,-0.02009025257317637,-0.009060602430126652,0.02642592141457871,0.4194984973722688
2024-08-29,155.1617431640625,156.92999267578125,163.1999969482422,155.41000366210938,158.49000549316406,23519300,-0.007902395363288073,-0.007933784766538103,-0.006490976947257665,0.025617326269077836,0.40666244737429236
2024-08-30,160.98538208007812,162.82000732421875,163.24000549316406,158.7100067138672,161.1199951171875,25158500,0.037532698442669155,0.03684548919732699,-0.003937041222092286,0.02980624248111224,0.47315943073387084
2024-09-03,151.06838989257812,152.7899932861328,160.74000549316406,151.3800048828125,160.3800048828125,37179100,-0.061601817875408305,-0.06358091885213084,-0.008154487115252285,0.03691890986433863,0.5860695250598963
2024-09-04,152.38339233398438,154.1199951171875,157.7899932861328,149.14999389648438,150.3000030517578,20324100,0.008704682973991629,0.008667015651390948,-0.008631323995154604,0.036622437382541236,0.5813631703154362
2024-09-05,151.0980682373047,152.82000732421875,156.36000061035156,150.11000061035156,150.57000732421875,31548500,-0.008434804324756073,-0.008470578594772052,-0.006340327229358333,0.036096585549117134,0.5730155312491909
2024-09-06,135.45632934570312,137.0,143.5,136.60000610351562,143.25,76634600,-0.10352044254487536,-0.10927978881252187,-0.025463936665675792,0.05662337529619952,0.8988682165609334
2024-09-09,139.2332763671875,140.82000732421875,141.58999633789062,134.89999389648438,139.11000061035156,39516700,0.027883134289318434,0.027501477972677785,-0.027393849496345934,0.054045207110738167,0.8579410654199571
2024-09-10,146.54002380371094,148.2100067138672,149.86000061035156,141.0399932861328,141.22000122070312,36067500,0.05247845649522742,0.05114781747676391,-0.004577794622218789,0.05977055297189205,0.9488281133306338
2024-09-11,156.48666381835938,158.27000427246094,158.8699951171875,145.0399932861328,148.38999938964844,39700800,0.06787660979209242,0.0656721999609125,0.007256590741401369,0.06830634877800233,1.0843296710006092
2024-09-12,162.7057647705078,164.55999755859375,166.32000732421875,156.8300018310547,158.10000610351562,43530700,0.03974205085851401,0.03897265436858517,0.016891961778055388,0.06893459309076382,1.0943027402855547
2024-09-13,165.8004913330078,167.69000244140625,168.0800018310547,164.0399932861328,166.74000549316406,29850000,0.019020386689218016,0.018841760604951775,0.041400127624874064,0.019429646228472472,0.3084360718950133
2024-09-16,162.17185974121094,164.02000427246094,165.5,160.41000366210938,165.19000244140625,26126900,-0.021885529787175506,-0.022128570589188552,0.03144639480957527,0.03477436538135689,0.5520259367949847
2024-09-17,160.63931274414062,162.47000122070312,166.02000427246094,160.6999969482422,165.49000549316406,19844300,-0.00945014134706168,-0.009495077257346085,0.01906067524111745,0.03640114955404601,0.5778503349412528
2024-09-18,159.84835815429688,161.6699981689453,167.47000122070312,161.36000061035156,163.77000427246094,26557600,-0.004923792167260799,-0.004935953969796264,0.004500594849246808,0.02465995874446016,0.3914647090737251
2024-09-19,166.07798767089844,167.4199981689453,170.0,165.66000366210938,167.67999267578125,32453100,0.0389721207557745,0.03823187899074692,0.004346608828698906,0.024385762133428298,0.387111972814963
2024-09-20,169.72848510742188,171.10000610351562,172.02000427246094,166.47000122070312,167.17999267578125,91758500,0.021980621801350964,0.021742530546320023,0.004938655851125495,0.02486235928943873,0.3946777181171486
2024-09-23,171.55374145507812,172.94000244140625,173.32000732421875,168.35000610351562,172.0,29431100,0.010753977722131047,0.010696564947404166,0.011466557352986805,0.019835329471450083,0.31487609372692305
2024-09-24,173.4385223388672,174.83999633789062,175.99000549316406,171.67999267578125,172.80999755859375,34223400,0.010986533244934149,0.010926619717111018,0.015553892271385972,0.016224609285925652,0.25755768773849114
2024-09-25,174.11306762695312,175.52000427246094,177.13999938964844,173.75999450683594,174.64999389648438,16613800,0.00388924720407835,0.0038817036350482087,0.0173165001456538,0.013730861570829162,0.21797067001840598
2024-09-26,176.66246032714844,178.08999633789062,180.25,175.0,178.5,24340000,0.014642167500359848,0.014536006000766398,0.012450509494570872,0.0065943738124851995,0.10468243896019631
2024-09-27,171.30575561523438,172.69000244140625,178.47000122070312,171.75999450683594,178.1699981689453,20580900,-0.03032169201082313,-0.03079090373810024,0.001990046732136053,0.018476165991162277,0.2933000423673876
2024-09-30,171.11727905273438,172.5,172.9199981689453,169.6300048828125,171.8699951171875,16902000,-0.0011002348509721038,-0.0011008405536533082,-0.0003807957824845776,0.01781932743997207,0.28287305361957205
2024-10-01,166.12759399414062,167.47000122070312,172.25,165.8000030517578,172.16000366210938,23770400,-0.02915944600227105,-0.029593032209722262,-0.008409991631925618,0.02029019671518479,0.32209688736575165
2024-10-02,169.29202270507812,170.66000366210938,172.83999633789062,167.02000427246094,167.5500030517578,14317800,0.01904818239316164,0.018869037119949365,-0.005378204594108959,0.023470671659526085,0.372585361888546
2024-10-03,170.5121612548828,171.88999938964844,174.94000244140625,169.19000244140625,169.6199951171875,13072300,0.007207300912992709,0.007181452443921419,-0.006865177911582388,0.022079480940632615,0.3505008938778263
2024-10-04,175.22409057617188,176.63999938964844,176.89999389648438,172.60000610351562,176.3000030517578,17921400,0.02763397804949319,0.027259051150200976,0.004725956100480877,0.021898776702944617,0.34763230303515863
2024-10-07,173.6765899658203,175.0800018310547,178.30999755859375,173.86000061035156,174.82000732421875,15588300,-0.008831551673420424,-0.00887078096704723,0.003179692735991213,0.022672298893233717,0.35991158712972826
2024-10-08,179.2812957763672,180.72999572753903,181.6000061035156,174.88999938964844,175.4199981689453,20774200,0.03227093422118599,0.03176116576363526,0.01546576878068262,0.01659724873551446,0.26347315561231505
2024-10-09,184.4594573974609,185.9499969482422,186.4199981689453,176.4199981689453,179.24000549316406,25504100,0.02888288819349505,0.028473639095515167,0.017432709940749302,0.01767565968192641,0.28059239866432995
2024-10-10,184.2015380859375,185.69000244140625,186.3099975585937,182.52999877929688,183.5599975585937,16318000,-0.0013982439022774962,-0.0013992223574683155,0.01571160097769526,0.01926752795057575,0.3058625240172566
2024-10-11,180.02528381347656,181.47999572753903,182.58999633789065,177.39999389648438,181.13999938964844,23070000,-0.022672200872245418,-0.02293316721660472,0.0056503651933475394,0.024031132802975887,0.3814824067190445
2024-10-14,180.8486328125,182.3099975585937,184.9499969482422,180.1300048828125,183.3000030517578,17195800,0.004573518683500533,0.004563091926152349,0.008331379264731731,0.022723753404708724,0.3607284021768994
2024-10-15,174.56936645507812,175.97999572753906,181.6999969482422,173.3699951171875,180.7899932861328,27657500,-0.03472111599501049,-0.035338220426408065,-0.005067030778507564,0.024740169630255188,0.3927380174112482
2024-10-16,175.40264892578125,176.82000732421875,179.25,175.3300018310547,178.50999450683594,15285100,0.004773360227079415,0.004762003867475434,-0.009888936371790691,0.017862575419853553,0.283559594016406
2024-10-17,180.0748748779297,181.52999877929688,185.509994506836,180.69000244140625,181.3699951171875,25232400,0.026637145908357418,0.026288553918603495,-0.004281858409663708,0.024398527692656345,0.3873146197853475
2024-10-18,178.4480438232422,179.88999938964844,182.7100067138672,178.67999267578125,182.32000732421875,17835200,-0.00903419233688374,-0.009075248110034087,-0.0015542567025913722,0.02251851205552847,0.3574702967648295
2024-10-21,178.54722595214844,179.99000549316406,181.72000122070312,178.25,179.3800048828125,13695100,0.0005558039571702533,0.0005556495553596261,-0.002357799647857428,0.02231595762711613,0.35425484489762615
2024-10-22,177.94212341308594,179.3800048828125,180.69000244140625,177.41000366210938,178.66000366210938,12062600,-0.0033890335502869684,-0.0033947893325282064,0.0039086168410872755,0.013687103232349729,0.21727602792999415
2024-10-23,172.11915588378906,173.50999450683594,178.97999572753906,172.57000732421875,177.58999633789062,19513700,-0.03272394089497899,-0.03327134432734314,-0.0035908433833244046,0.02126813441775596,0.3376211671180547
2024-10-24,169.97650146484375,171.35000610351562,174.3000030517578,169.5,174.25999450683594,20485200,-0.012448669109160537,-0.012526802908855881,-0.011408006386827995,0.012927912817828253,0.20522425372258696
2024-10-25,171.61328125,173.0,176.8000030517578,172.72000122070312,174.19000244140625,19977700,0.009629447429795324,0.009583379801989611,-0.007675278433492183,0.01609189935477043,0.25545098289241985
2024-10-28,170.64112854003906,172.02000427246094,173.97000122070312,171.35000610351562,173.0,13195800,-0.005664787147474537,-0.005680892906786423,-0.008919396654421142,0.01552698543284632,0.2464832523950037
2024-10-29,177.80325317382812,179.24000549316406,180.22999572753903,171.2100067138672,172.44000244140625,23702300,0.04197185458784958,0.041114932014213124,0.000152780973206168,0.02789337559767341,0.4427936103453689
2024-10-30,175.22409057617188,176.63999938964844,179.19000244140625,175.6199951171875,177.47000122070312,17911500,-0.014505710956451145,-0.014611947389868155,0.0037964269609117363,0.023344021576019943,0.37057485414164915
2024-10-31,168.40916442871094,169.77000427246094,174.4499969482422,167.3800048828125,174.4499969482422,26086600,-0.03889263242886354,-0.039669151412707396,-0.001492365703028864,0.029993204978019036,0.47612736836173725
2024-11-01,167.5659637451172,168.9199981689453,171.3300018310547,167.5,168.25999450683594,17847000,-0.005006857473903614,-0.005019433780865237,-0.004419626683768651,0.02934357689603102,0.4658148422639922
2024-11-04,167.19894409179688,168.5500030517578,172.4499969482422,168.4199981689453,169.27999877929688,13621300,-0.002190299540058005,-0.002192701754449306,-0.0037247291622853453,0.02934785802371117,0.4658828030590278
2024-11-05,172.5060272216797,173.89999389648438,174.39999389648438,170.0500030517578,170.0500030517578,13441800,0.031741128263161,0.03124779088633603,-0.00577087442722306,0.025465186071293937,0.40424729660777814
2024-11-06,178.1107635498047,179.5500030517578,180.2100067138672,175.9600067138672,179.6300048828125,24300800,0.03249008987333868,0.031973447621359494,0.003628285738734904,0.029748049379212896,0.4722356438800002
2024-11-07,182.33660888671875,183.8099975585937,184.8699951171875,181.7899932861328,181.9900054931641,18970600,0.023725940267121493,0.023448854338398595,0.01615200027793191,0.01838107636880015,0.2917905414091882
2024-11-08,182.16798400878903,183.63999938964844,185.0500030517578,181.8300018310547,182.9900054931641,13503200,-0.0009247999014529995,-0.0009252277927113999,0.016968411792422033,0.01726298842974416,0.27404144562533084
2024-11-11,177.47589111328125,178.91000366210938,183.6300048828125,176.82000732421875,183.3999938964844,17036700,-0.02575695680576562,-0.026094475467043247,0.012255080339280511,0.025196063745631773,0.3999751121320336
2024-11-12,174.8074493408203,176.22000122070312,179.55999755859375,173.1999969482422,178.89999389648438,15862000,-0.015035516969218676,-0.015149696296917824,0.0028997512928045756,0.024833577284693983,0.39422081795641767
2024-11-13,172.18861389160156,173.5800018310547,175.58999633789062,172.60000610351562,174.7100067138672,17472500,-0.014981257715812935,-0.015094610291390252,-0.006594518225025747,0.01910669267880423,0.30330934323032704
2024-11-14,169.01426696777344,170.3800048828125,175.57000732421875,169.8699951171875,174.77000427246094,20638900,-0.018435289373003982,-0.018607337100676812,-0.015026764153050843,0.009022508267388547,0.14322787846520615
2024-11-15,163.5186767578125,164.83999633789062,169.13999938964844,163.42999267578125,168.47000122070312,20836200,-0.03251554030648074,-0.03305591653948065,-0.02134491223405639,0.007632488805498589,0.12116200358300222
2024-11-18,164.34201049804688,165.6699981689453,166.35000610351562,162.22000122070312,165.66000366210938,17856900,0.005035105203632595,0.0050224714518597915,-0.015186499832176747,0.01341480998389601,0.21295350661545137
2024-11-19,164.0245819091797,165.35000610351562,166.8000030517578,164.30999755859375,166.66000366210938,18003400,-0.0019315121429097637,-0.0019333799179631853,-0.012565698866914965,0.014672741921129382,0.23292255704844267
2024-11-20,161.94142150878906,163.25,165.5399932861328,160.86000061035156,165.5399932861328,17196700,-0.012700293920237304,-0.012781632065817939,-0.01210950610779984,0.014614205880279762,0.2319933262075082
2024-11-21,162.62588500976562,163.94000244140625,166.33999633789062,160.60000610351562,166.25,24835300,0.004226611663646684,0.004217704629465434,-0.007577125900469705,0.015640020078711993,0.24827762176997267
2024-11-22,162.91357421875,164.22999572753906,164.91000366210938,162.39999389648438,164.3000030517578,17332500,0.0017690247094863665,0.0017674618281872734,-0.0007202128972762844,0.00722462197490781,0.11468731837235036
2024-11-25,163.4988555908203,164.82000732421875,167.22999572753906,162.88999938964844,165.39999389648438,26850600,0.003592588124574858,0.003586150194471845,-0.001008716313087832,0.006961340492822478,0.11050785441391257
2024-11-26,163.4194793701172,164.74000549316406,166.3699951171875,162.69000244140625,164.60000610351562,16308800,-0.0004854848703147452,-0.0004856027562505003,-0.0007195108585688281,0.00694343333396007,0.11022358707968663
2024-11-27,158.39010620117188,159.6699981689453,163.1999969482422,157.5399932861328,163.1999969482422,19722700,-0.030775848682975226,-0.031259371533659645,-0.004334621811116412,0.014894161695950914,0.23643748700562084
2024-11-29,160.78079223632812,162.0800018310547,162.69000244140625,159.0800018310547,159.57000732421875,11024000,0.01509365763111381,0.014980881765001465,-0.0021612126176229875,0.0170871954717904,0.2712508189314384
2024-12-02,165.17527770996094,166.50999450683594,168.3800048828125,162.75,162.9499969482422,21472400,0.027332154621886984,0.026965300878624296,0.002951413364857136,0.02174629979938103,0.34521180723009603
2024-12-03,166.80213928222656,168.14999389648438,168.27000427246094,164.02999877929688,164.47999572753906,17024400,0.00984930429553943,0.009801116053410799,0.00420275659905005,0.0219712693911192,0.3487830887838416
2024-12-04,169.1928253173828,170.55999755859375,175.38999938964844,168.55999755859375,173.44000244140625,32748200,0.014332466270778665,0.01423072743608491,0.007166346827268732,0.02217917823873891,0.3520835394208723
2024-12-05,169.10354614257812,170.47000122070312,172.39999389648438,169.1999969482422,170.75,18490000,-0.0005276770728144253,-0.0005278163433564153,0.013215981149300893,0.010053124089915075,0.159588397447127
2024-12-06,178.09092712402344,179.52999877929688,180.67999267578125,169.3300018310547,170.10000610351562,27830800,0.05314720587744315,0.051783020035938536,0.02082669079856676,0.02064959895712762,0.32780222108267043
2024-12-09,177.5056610107422,178.94000244140625,180.7899932861328,176.02000427246094,178.9499969482422,20886300,-0.003286333126188201,-0.003291744978916416,0.014702993248951723,0.022678416243227265,0.3600086970503223
2024-12-10,170.43280029296875,171.80999755859375,178.5,169.72999572753906,177.80999755859375,27762600,-0.03984583183150092,-0.040661415571558106,0.004763966023543653,0.03359812853221378,0.5333537556805275
2024-12-11,181.7314910888672,183.1999969482422,184.8699951171875,176.42999267578125,180.00999450683594,41295200,0.06629410991591023,0.06418918817408176,0.015156294752569965,0.04378851702170872,0.6951211579185599
2024-12-12,179.2118682861328,180.6600036621093,182.0,175.99000549316406,180.92999267578125,46967200,-0.013864536012100803,-0.013961546404625285,0.01248892296471269,0.04536073240320537,0.7200793033597841
2024-12-13,222.9980316162109,224.8000030517578,228.6999969482422,211.1100006103516,213.8999938964844,121336600,0.24432624774698697,0.21859421696496384,0.05072473133862145,0.11512596162397466,1.8275679834252163
2024-12-16,247.9960479736328,250.0,251.8800048828125,230.8099975585937,231.7899932861328,111623200,0.11209971754568926,0.10624986585979203,0.07380194147299694,0.1131402380551951,1.796045599012154
2024-12-17,238.3043670654297,240.22999572753903,242.47000122070312,233.8000030517578,240.6499938964844,70382100,-0.03907998126338508,-0.03986410059652188,0.07395511158662012,0.1129482720838596,1.79299823369011
2024-12-18,221.8275146484375,223.6199951171875,239.8500061035156,219.22000122070312,239.4100036621093,53960100,-0.0691420498075398,-0.07164859101275667,0.04686787964193011,0.13017177559599735,2.066412875680294
2024-12-19,216.5699920654297,218.32000732421875,228.0500030517578,217.5800018310547,227.9100036621093,40845200,-0.023700948871649974,-0.023986334656801413,0.044900597070020275,0.13138773429269868,2.0857156215762815
2024-12-20,219.02017211914065,220.7899932861328,230.2899932861328,218.9100036621093,220.3600006103516,131910400,0.011313571332498995,0.011250051525946419,-0.0017019382128773187,0.06990969812241354,1.1097820527810323
2024-12-23,231.1051025390625,232.3500061035156,233.3999938964844,225.1300048828125,226.69000244140625,40643800,0.05517724830089166,0.053708760684432255,-0.01308643206183684,0.04792143327979615,0.7607291695686899
2024-12-24,238.3957977294922,239.67999267578125,240.22999572753903,234.8000030517578,240.1199951171875,22827200,0.031547097447566674,0.031059711670113628,0.0010389836803535112,0.048746039780900925,0.7738193919571519
2024-12-26,244.04537963867188,245.3600006103516,247.27999877929688,237.6000061035156,240.0,28459000,0.023698328422677495,0.023421882064143643,0.019607059326396968,0.02902114252584408,0.4606963553180659
2024-12-27,240.4547271728516,241.75,245.77999877929688,236.3500061035156,245.63999938964844,29282200,-0.014713052429578988,-0.014822362904325839,0.021404638614811167,0.025763525061563885,0.4089832812556685
2024-12-30,234.3177795410156,235.5800018310547,238.7700042724609,231.6199951171875,234.6999969482422,27316800,-0.025522258198003467,-0.025853600929547735,0.014037472708710674,0.03348120828366144,0.5314977042751433
2024-12-31,230.59780883789065,231.83999633789065,237.4600067138672,231.3099975585937,235.8800048828125,17927700,-0.015875750915750664,-0.016003120506630282,-0.00017312713461778984,0.025867833813597862,0.41063913136036495
